160
4 28 313 312 309 
4 197 308 74 305 
4 196 303 75 77 
4 190 297 296 293 
4 97 291 290 374 
4 93 281 82 83 
4 252 275 84 272 
4 333 85 270 87 
4 441 265 88 262 
4 423 260 257 287 
4 35 49 370 368 
4 420 51 366 53 
4 286 357 355 354 
4 369 57 349 346 
4 47 344 343 316 
4 326 340 338 58 
4 33 335 331 62 
4 300 327 63 323 
4 165 321 67 68 
4 482 318 317 342 
4 12 184 183 179 
4 256 178 176 118 
4 299 173 171 169 
4 421 168 167 122 
4 279 161 157 255 
4 1 126 150 127 
4 306 146 145 143 
4 322 142 140 137 
4 14 135 134 133 
4 330 131 130 125 
4 21 253 250 94 
4 315 248 246 243 
4 454 241 239 238 
4 7 96 98 232 
4 154 229 228 191 
4 414 224 223 222 
4 352 220 216 215 
4 492 102 103 211 
4 17 209 206 205 
4 86 202 194 110 
4 334 227 464 465 
4 358 466 408 406 
4 189 42 404 393 
4 212 469 470 471 
4 141 398 476 43 
4 64 477 478 402 
4 337 30 435 436 
4 319 314 428 440 
4 72 426 413 457 
4 73 458 37 418 
4 301 417 416 415 
4 266 39 456 487 
4 213 485 488 380 
4 182 489 381 2 
4 170 4 383 483 
4 120 389 493 496 
4 158 9 491 481 
4 156 382 480 479 
4 11 386 233 22 
4 410 237 453 226 
3 484 100 101 
3 443 450 267 
3 462 29 132 
3 495 259 27 
3 261 136 494 
3 113 245 251 
3 463 138 26 
3 111 25 247 
3 434 244 446 
3 264 95 92 
3 451 119 172 
3 108 174 164 
3 350 116 185 
3 448 186 115 
3 234 114 112 
3 210 160 124 
3 221 468 195 
3 452 109 490 
3 38 217 128 
3 0 460 461 
3 371 144 16 
3 52 104 107 
3 475 148 204 
3 166 200 106 
3 329 151 198 
3 310 152 153 
3 486 207 44 
3 376 80 289 
3 298 32 79 
3 48 56 295 
3 155 36 78 
3 208 76 390 
3 498 304 307 
3 147 347 54 
3 499 411 40 
3 445 129 341 
3 199 395 69 
3 455 41 254 
3 193 66 339 
3 175 325 401 
3 473 332 59 
3 187 70 377 
3 181 425 282 
3 288 46 363 
3 356 280 284 
3 360 432 365 
3 367 361 45 
3 324 379 373 
3 320 50 269 
3 385 285 81 
3 311 274 359 
3 387 372 378 
3 396 497 375 
3 405 397 394 
3 409 10 177 
3 292 474 13 
3 219 180 117 
3 419 336 472 
3 430 3 55 
3 277 149 6 
2 273 388 
2 271 353 
2 433 8 
2 258 123 
2 439 159 
2 249 351 
2 240 391 
2 236 362 
2 231 163 
2 20 348 
2 60 121 
2 61 364 
2 15 345 
2 34 392 
2 19 384 
2 5 139 
2 203 162 
2 18 437 
2 89 422 
2 294 407 
2 218 230 
2 459 99 
2 302 235 
2 214 449 
2 431 424 
2 412 23 
2 71 447 
2 105 90 
2 225 24 
2 467 283 
2 201 444 
2 403 442 
2 65 278 
2 192 31 
2 328 427 
2 400 276 
2 263 429 
2 188 91 
2 399 438 
2 268 242 
