125
2 409 203 
2 146 218 
2 286 263 
2 357 12 
2 135 11 
2 380 128 
2 346 276 
2 9 362 
2 90 289 
2 297 235 
2 388 395 
2 47 285 
2 316 417 
2 25 302 
2 41 279 
2 390 107 
2 16 119 
2 259 20 
2 280 269 
2 43 267 
2 430 17 
2 65 86 
2 155 356 
2 213 404 
2 473 351 
2 10 196 
2 110 1 
2 326 120 
2 223 104 
2 87 447 
2 202 466 
2 271 219 
2 118 229 
2 485 249 
2 232 373 
2 321 453 
2 148 57 
2 228 488 
2 428 191 
2 93 491 
2 339 168 
2 54 363 
2 257 52 
2 243 178 
2 193 50 
2 159 293 
2 62 136 
2 154 273 
2 460 175 
2 55 224 
2 411 37 
2 145 371 
2 251 206 
2 64 468 
2 260 265 
2 15 5 
2 391 328 
2 181 329 
2 147 451 
2 275 414 
2 32 76 
2 498 365 
2 217 255 
2 34 92 
2 320 138 
3 441 425 83 
3 319 130 262 
3 377 126 46 
3 49 274 482 
3 348 431 315 
3 242 449 284 
3 311 91 200 
3 474 233 222 
3 171 314 379 
3 465 452 288 
3 337 188 66 
3 303 174 481 
3 48 177 36 
3 125 28 204 
3 294 33 493 
3 378 35 103 
3 266 194 471 
3 165 166 483 
3 476 94 13 
3 39 132 322 
3 29 106 51 
3 254 60 189 
3 109 212 153 
3 89 307 422 
3 161 477 312 
3 6 400 142 
3 215 387 40 
3 141 133 392 
3 42 44 114 
3 497 195 69 
3 334 63 115 
3 358 332 278 
3 197 402 77 
3 205 163 75 
3 374 180 310 
3 494 59 160 
3 352 264 71 
3 82 21 344 
3 484 405 247 
3 486 496 241 
3 397 401 14 
3 406 469 492 
3 490 333 137 
3 151 226 298 
3 435 433 7 
3 258 421 353 
3 225 169 210 
3 244 199 96 
3 444 313 97 
3 277 250 0 
3 256 23 419 
3 384 478 423 
3 336 361 100 
3 432 99 335 
3 317 127 427 
3 78 439 369 
3 140 342 152 
3 72 56 108 
3 472 299 183 
3 116 385 150 
