1043
2 213 8916 
2 9874 9755 
2 9060 8664 
2 9780 5564 
2 5116 9643 
2 7687 5813 
2 6415 3667 
2 7123 5003 
2 4312 2950 
2 935 4925 
2 3967 8928 
2 4674 8481 
2 5463 4528 
2 8176 1924 
2 7049 2500 
2 890 9687 
2 2854 3061 
2 2255 6025 
2 9498 1305 
2 4909 2974 
2 8189 449 
2 9085 3669 
2 6284 7566 
2 6561 4127 
2 1445 2229 
2 1519 863 
2 4638 2507 
2 9058 6975 
2 1517 5838 
2 8293 6837 
2 3336 3623 
2 4919 4623 
2 6924 733 
2 9268 7502 
2 581 7391 
2 5336 3239 
2 6096 9395 
2 7511 783 
2 3928 8937 
2 9732 2945 
2 563 6600 
2 283 8743 
2 6247 6379 
2 8206 1945 
2 5343 1943 
2 8783 9505 
2 9337 1617 
2 8824 5078 
2 4931 1214 
2 8652 8752 
2 5350 5451 
2 4378 4197 
2 3235 226 
2 290 4810 
2 5402 1926 
2 8022 3138 
2 9859 7872 
2 325 3484 
2 1067 2634 
2 78 7950 
2 4485 8884 
2 5921 1713 
2 1337 7298 
2 2582 7938 
2 3701 2663 
2 8644 3590 
2 1475 9438 
2 4575 6663 
2 7308 4153 
2 3185 438 
2 4084 2831 
2 4456 5745 
2 5375 5750 
2 2581 1986 
2 4209 612 
2 2683 3741 
2 3229 5250 
2 1696 1090 
2 5268 2240 
2 6166 5845 
2 6593 7287 
2 5270 5123 
2 7477 1660 
2 4451 6271 
2 8804 9803 
2 2727 6894 
2 6148 2039 
2 9994 1626 
2 2205 6108 
2 2189 5224 
2 8171 7480 
2 4521 4846 
2 7478 6483 
2 5784 7370 
2 884 214 
2 365 1714 
2 1730 6041 
2 5296 1622 
2 503 2486 
2 3702 8121 
2 7132 6371 
2 6138 5945 
2 4621 807 
2 8118 9612 
2 695 9264 
2 1048 5004 
2 7160 3131 
2 7897 4058 
2 68 7672 
2 358 4163 
2 6365 2228 
2 9193 9551 
2 5342 8736 
2 4956 3024 
2 2074 8341 
2 9573 8409 
2 5994 1575 
2 8201 6481 
2 7097 5724 
2 5647 751 
2 6842 4375 
2 2599 8764 
2 8907 2998 
2 5260 5071 
2 620 2377 
2 7335 9535 
2 9382 188 
2 8719 5470 
2 4311 9103 
2 7652 1284 
2 6438 1497 
2 6738 8346 
2 7801 3015 
2 5254 4148 
2 136 5141 
2 4026 2669 
2 26 3340 
2 9419 5436 
2 7291 4701 
2 9137 4326 
2 7436 9010 
2 4216 1886 
2 6777 6445 
2 6639 7372 
2 7869 5768 
2 3927 8948 
2 2959 2095 
2 8305 9052 
2 457 9618 
2 5099 9606 
2 6155 7027 
2 6983 9104 
2 1270 3872 
2 9823 8705 
2 3423 9607 
2 5981 7170 
2 2853 1875 
2 4747 443 
2 7712 8003 
2 4736 6900 
2 8345 6392 
2 202 8923 
2 4075 9915 
2 2232 8849 
2 5263 1145 
2 9203 5765 
2 2547 3330 
2 1939 2346 
2 4335 7112 
2 1139 6848 
2 5747 8047 
2 35 5023 
2 1491 6637 
2 8515 5288 
2 7867 6195 
2 4149 5963 
2 110 1481 
2 9542 5387 
2 5580 6391 
2 2830 1099 
2 6833 8299 
2 7616 3522 
2 3444 3660 
2 9173 6751 
2 992 3873 
2 1105 2101 
2 4859 1836 
2 6647 4938 
2 9917 181 
2 4480 3241 
2 1642 9665 
2 6878 2515 
2 9162 7070 
2 7865 4380 
2 1619 6800 
2 8942 8729 
2 4895 615 
2 2928 2618 
2 6872 1455 
2 4247 8476 
2 8462 2024 
2 875 9287 
2 3132 7837 
2 2036 5065 
2 9464 5371 
2 4618 4863 
2 9771 6233 
2 6912 2954 
2 7073 734 
2 9012 8898 
2 3513 9120 
2 392 6916 
2 4652 72 
2 24 9585 
2 5097 2864 
2 7488 6859 
2 4788 4893 
2 6147 6187 
2 5335 5794 
2 6164 4586 
2 7835 5935 
2 8413 3698 
2 6679 7624 
2 8838 3077 
2 4478 6146 
2 3207 217 
2 8401 9387 
2 533 5355 
2 9586 5168 
2 6984 1610 
2 1376 7679 
2 1774 8864 
2 2131 3514 
2 2787 9457 
2 5578 1832 
2 9877 6821 
2 3713 3734 
2 8595 6805 
2 4833 7314 
2 9213 6636 
2 4100 4386 
2 6177 8967 
2 3019 3020 
2 2011 2931 
2 5708 6787 
2 5504 825 
2 5172 3482 
2 6428 8709 
2 9968 8278 
2 3737 5691 
2 7038 2206 
2 7816 7744 
2 4299 4250 
2 6897 7452 
2 7567 9598 
2 8933 6945 
2 7205 3677 
2 1628 8531 
2 8303 7089 
2 3577 9367 
2 3483 9640 
2 699 6899 
2 5418 7454 
2 5047 4223 
2 3644 1303 
2 9341 3202 
2 1032 9454 
2 9236 855 
2 7740 1444 
2 8272 7591 
2 7200 8404 
2 2141 7531 
2 4906 6314 
2 1902 3519 
2 8084 6490 
2 5775 7588 
2 41 306 
2 4288 3154 
2 696 2571 
2 8165 3662 
2 7292 2617 
2 6499 7414 
2 2331 3858 
2 8638 5019 
2 7189 9664 
2 3985 881 
2 8784 4612 
2 6327 4407 
2 4110 2977 
2 3537 9756 
2 8041 2541 
2 6489 5982 
2 6176 2815 
2 5353 7328 
2 7888 8938 
2 5702 1796 
2 2370 6678 
2 9114 7423 
2 1869 3065 
2 5833 2259 
2 9066 8457 
2 9839 1634 
2 5310 7963 
2 6831 6434 
2 5957 6566 
2 5055 3876 
2 7764 3472 
2 5922 6045 
2 9138 6406 
2 933 6595 
2 7941 8114 
2 4515 6851 
2 5779 5243 
2 6909 7382 
2 4593 8822 
2 1560 2316 
2 4035 5396 
2 6753 6776 
2 1094 1298 
2 2038 5718 
2 130 9738 
2 8128 4486 
2 3738 8792 
2 5689 8478 
2 8390 4547 
2 6940 6562 
2 4986 239 
2 3692 9014 
2 2839 5368 
2 3258 1136 
2 2344 5309 
2 4830 4109 
2 4894 8767 
2 4813 4313 
2 2802 3919 
2 7977 1253 
2 1823 736 
2 634 3768 
2 2598 5417 
2 8910 3706 
2 803 4750 
2 6380 9262 
2 7526 7682 
2 7015 4682 
2 2638 4338 
2 2339 9977 
2 441 9503 
2 3840 5185 
2 2677 6867 
2 293 8360 
2 6364 9883 
2 1266 1223 
2 967 4595 
2 5100 5824 
2 8805 1666 
2 5215 7541 
2 5769 9960 
2 6982 6757 
2 8325 6543 
2 5273 4745 
2 6972 6834 
2 2226 2177 
2 2317 5834 
2 5823 1529 
2 6158 9130 
2 6864 7607 
2 5931 6000 
2 8621 3756 
2 7469 8578 
2 8218 6587 
2 8559 1239 
2 7234 6913 
2 1092 1999 
2 5373 3194 
2 6875 6969 
2 4800 8477 
2 7271 2579 
2 6737 4551 
2 3470 2474 
2 4840 2710 
2 9954 9322 
2 2130 1452 
2 4241 6426 
2 6285 1923 
2 7600 9304 
2 7797 7543 
2 5197 6222 
2 1690 4342 
2 6198 1396 
2 4138 9840 
2 2219 7033 
2 406 2105 
2 981 6729 
2 8307 4088 
2 2208 6847 
2 557 2153 
2 1673 8880 
2 658 381 
2 1082 9113 
2 1368 5971 
2 485 2983 
2 9488 4464 
2 1940 5909 
2 1603 2748 
2 5629 577 
2 1281 7386 
2 2044 874 
2 4529 4910 
2 7401 1128 
2 1125 9523 
2 218 2633 
2 6466 2517 
2 4066 3540 
2 8763 8289 
2 8585 2262 
2 2137 2352 
2 8768 9232 
2 6925 1567 
2 8637 6328 
2 6572 4562 
2 2883 3143 
2 525 9406 
2 638 9964 
2 6264 7940 
2 4445 8246 
2 4629 7535 
2 308 3222 
2 9604 2554 
2 8911 3990 
2 1219 4384 
2 9842 4280 
2 6583 6881 
2 7821 1549 
2 4353 5314 
2 3645 5245 
2 8689 6032 
2 1933 6057 
2 7577 7495 
2 1433 7633 
2 1379 2804 
2 4086 6338 
2 6602 8030 
2 6298 9067 
2 3857 8403 
2 608 2907 
2 3643 1579 
2 8651 5425 
2 7772 4102 
2 6504 9689 
2 6981 8727 
2 437 7855 
2 9998 1199 
2 3558 2646 
2 8791 3665 
2 7075 8073 
2 1429 6417 
2 2127 4995 
2 2583 619 
2 3884 4962 
2 2169 3367 
2 9480 8353 
2 396 9442 
2 1890 7432 
2 575 741 
2 8310 6408 
2 3595 84 
2 6241 2958 
2 9818 6350 
2 924 6996 
2 8258 8587 
2 3344 4538 
2 5669 1900 
2 2985 2065 
2 2548 6202 
2 2813 3987 
2 131 529 
2 2287 1989 
2 6330 6043 
2 8974 5193 
2 8927 7815 
2 67 1034 
2 917 2604 
2 1528 1675 
2 6143 8546 
2 9079 8301 
2 1715 6502 
2 1163 7397 
2 4091 5339 
2 8801 1464 
2 6311 1062 
2 1203 5457 
2 8349 2402 
2 6598 1601 
2 7342 8807 
2 4765 3007 
2 1279 2512 
2 428 4101 
2 7339 8610 
2 9582 9866 
2 101 8681 
2 3836 5831 
2 826 7060 
2 6320 5005 
2 1718 8198 
3 5686 764 8639 
3 4024 3436 821 
3 3466 408 5364 
3 5048 7539 7203 
3 3802 1604 8699 
3 8926 6067 5524 
3 7247 3092 3570 
3 4998 1064 3226 
3 4678 3039 8071 
3 6052 4496 4452 
3 8445 9788 6538 
3 5219 9500 4465 
3 6031 6192 5525 
3 1913 7256 5253 
3 8265 2139 898 
3 8499 5024 2937 
3 9333 5639 5093 
3 2064 6885 9177 
3 9435 3237 242 
3 1590 1186 2953 
3 8004 4502 8234 
3 713 9639 6149 
3 5652 6193 2561 
3 207 7997 8313 
3 5032 66 7127 
3 8718 939 4517 
3 2647 8458 3240 
3 743 8575 1987 
3 4346 3551 850 
3 7501 2454 5367 
3 5037 3600 7778 
3 3771 2550 1589 
3 6804 2971 4169 
3 2881 8148 2270 
3 561 1814 5481 
3 3460 9064 6307 
3 4067 5631 7781 
3 2084 1004 3016 
3 7506 1507 1864 
3 5439 9102 9214 
3 670 4481 5819 
3 7195 4681 2114 
3 9182 3811 7108 
3 4073 8245 5501 
3 9426 777 9253 
3 3499 9216 5771 
3 5633 2537 1141 
3 8168 342 7122 
3 7440 1543 3331 
3 8915 6059 6634 
3 8740 2759 793 
3 5790 8846 1423 
3 8814 3476 8770 
3 1400 8577 3197 
3 4331 9150 7165 
3 6133 507 8517 
3 9515 8583 8742 
3 1227 6606 2435 
3 2404 4631 3366 
3 3388 3079 7514 
3 728 414 2889 
3 9650 8000 1404 
3 7426 3646 1703 
3 7017 6774 75 
3 1700 1564 971 
3 64 4337 5581 
3 1760 2724 343 
3 5378 6989 9508 
3 9133 76 1743 
3 9898 3275 3966 
3 5760 2483 1547 
3 363 2052 6409 
3 5178 229 7565 
3 5381 7057 5362 
3 654 2549 2923 
3 732 8819 3394 
3 4556 7960 1179 
3 7311 5488 1171 
3 7475 2841 530 
3 5324 4989 3463 
3 1359 9774 5590 
3 9743 111 1430 
3 4057 8733 1331 
3 9293 7518 5782 
3 8135 6496 543 
3 4713 1454 3591 
3 7678 34 1447 
3 481 9470 9893 
3 5449 7071 2527 
3 609 3310 3628 
3 8152 7099 5903 
3 1653 653 1710 
3 3402 2059 2948 
3 1922 8544 8104 
3 3945 7901 3271 
3 6658 7031 8033 
3 5044 4071 8488 
3 6701 5322 1880 
3 8566 8861 8311 
3 2239 9947 9557 
3 2461 2987 8193 
3 2723 7996 7176 
3 8379 7930 9676 
3 3295 7222 8703 
3 7482 6536 3368 
3 8650 6453 4769 
3 5049 1008 2874 
3 3215 9799 2061 
3 9684 2719 2590 
3 9108 5651 3118 
3 9302 6796 2103 
3 2218 8728 1011 
3 2557 2766 9905 
3 9231 5623 8377 
3 1003 983 394 
3 2410 9702 796 
3 6323 8266 5960 
3 3369 4085 3774 
3 1230 2535 6309 
3 7375 5419 3955 
3 9189 1257 5625 
3 9957 8695 7419 
3 6947 3730 140 
3 2279 1072 5896 
3 5811 7321 6978 
3 8333 4959 5980 
3 5959 5211 9725 
3 5420 8623 144 
3 947 9365 6666 
3 4980 9414 7447 
3 7910 454 7404 
3 2067 3664 4516 
3 490 2419 8654 
3 1793 4172 3321 
3 9306 1754 3627 
3 5068 1289 7698 
3 4609 58 8254 
3 5541 9750 8840 
3 7155 3650 8893 
3 5632 5885 1043 
3 2178 9627 2560 
3 524 8023 6860 
3 9354 5496 1580 
3 7845 5113 3189 
3 9385 8451 7148 
3 3462 4362 6186 
3 1483 4947 8626 
3 2680 9918 3014 
3 9469 1402 7178 
3 9769 5199 3781 
3 5448 8903 8264 
3 3238 7735 3546 
3 5233 7448 2446 
3 1234 2779 2521 
3 637 1055 8110 
3 1562 3106 8642 
3 9838 9922 5174 
3 6547 1069 6510 
3 3129 2873 6682 
3 3866 9280 2004 
3 1866 3943 1646 
3 5561 5139 8001 
3 4848 3515 6794 
3 487 6180 4203 
3 3291 5132 4150 
3 9115 7329 2693 
3 4508 21 3543 
3 240 9016 3934 
3 9429 3518 5098 
3 8153 4132 3133 
3 4582 9090 8993 
3 9674 3380 3009 
3 4666 1566 4866 
3 4242 4368 1863 
3 6736 361 5791 
3 1708 9546 5749 
3 6162 2 8259 
3 3941 3057 359 
3 3898 1414 2496 
3 9933 3096 1705 
3 9324 3006 99 
3 9257 1346 4201 
3 9884 4650 311 
3 8570 3942 5612 
3 6300 3424 7279 
3 9224 662 8174 
3 2017 9192 8101 
3 1121 7301 9757 
3 2396 6735 6173 
3 9228 5752 8839 
3 8862 2905 4408 
3 5039 8081 516 
3 5201 9938 1240 
3 6601 8901 446 
3 6123 9215 9317 
3 3475 5137 2978 
3 8393 2678 8759 
3 335 1019 4260 
3 1478 7810 6603 
3 2666 2637 4596 
3 4984 7826 7550 
3 4295 6963 1304 
3 3936 2989 3163 
3 9371 5976 8348 
3 4746 7886 385 
3 1915 4580 3539 
3 9388 679 6955 
3 6354 4319 1816 
3 3980 118 9191 
3 2369 2026 757 
3 3128 3337 5967 
3 2688 5348 7895 
3 4225 8596 2122 
3 7399 7179 9003 
3 2070 6234 9086 
3 4647 3636 6376 
3 6516 5857 6337 
3 8170 7359 4357 
3 9652 175 7428 
3 70 6521 7373 
3 1345 6578 8690 
3 1486 1245 4791 
3 5218 3897 2204 
3 6082 801 819 
3 7723 2444 2740 
3 1780 3010 7929 
3 8178 8290 4162 
3 809 1785 5594 
3 6649 5027 9701 
3 537 6824 8437 
3 2749 5821 5778 
3 1944 3639 3370 
3 3349 2876 3410 
3 6830 8615 465 
3 9698 7050 1480 
3 9600 1437 3735 
3 419 39 6970 
3 9247 1526 4742 
3 9764 1928 8929 
3 8711 8851 2963 
3 9501 5941 2852 
3 910 9087 8659 
3 7699 4186 8326 
3 944 8312 165 
3 1607 4536 9310 
3 3193 2116 3776 
3 7634 8785 8973 
3 5678 169 5151 
3 5951 1392 7503 
3 5962 3289 6145 
3 1770 3385 97 
3 9593 6926 7663 
3 8139 6440 5717 
3 455 5924 3726 
3 3817 7640 1044 
3 8634 4399 6321 
3 7312 4739 2343 
3 1259 9022 7473 
3 3720 1 1046 
3 8213 1510 659 
3 8453 6452 6343 
3 2676 7553 2470 
3 6106 725 9384 
3 7771 9914 2315 
3 1378 5028 3195 
3 1058 4293 4184 
3 6098 4183 2539 
3 6843 4532 5421 
3 5166 8089 539 
3 1068 6762 172 
3 8955 1300 459 
3 5558 687 2170 
3 4665 9394 4823 
3 7636 9784 9178 
3 2902 5774 7756 
3 8331 3049 5913 
3 2653 930 9894 
3 9042 5546 5993 
3 5587 8014 9030 
3 4857 3534 108 
3 9033 4663 6405 
3 3833 8134 8247 
3 4790 8700 4490 
3 9855 194 6476 
3 8216 4243 9240 
3 2313 1521 4705 
3 7546 5950 1695 
3 3965 6806 4093 
3 959 5308 6141 
3 2405 4306 1647 
3 8482 3393 9851 
3 2508 171 2780 
3 5216 943 1329 
3 5621 2964 5208 
3 8117 8281 2796 
3 3280 1343 5829 
3 7841 1137 5358 
3 2360 5878 3308 
3 9605 518 1532 
3 3285 5704 3491 
3 2252 28 8959 
3 1015 498 3496 
3 1888 729 8184 
3 115 1972 8227 
3 349 1559 7857 
3 2837 6061 6694 
3 4469 4630 9197 
3 2042 710 2893 
3 3657 9873 7620 
3 7243 3166 4661 
3 1439 8782 9096 
3 7570 6276 753 
3 8387 3552 2333 
3 9370 2651 4811 
3 5180 5850 7795 
3 5600 7019 5559 
3 7729 2337 1907 
3 1937 5306 8994 
3 3526 8100 1895 
3 3069 5430 1506 
3 7116 332 8886 
3 3086 2887 9017 
3 7515 8344 1174 
3 120 5969 5105 
3 4219 7332 9624 
3 2214 1078 7347 
3 9599 6952 9656 
3 8463 711 3536 
3 2460 7 4470 
3 7818 2192 546 
3 4744 6363 5972 
3 6579 984 9614 
3 2751 7943 4383 
3 9361 748 6638 
3 6769 478 9492 
3 2885 7789 7564 
3 6270 4165 8423 
3 8713 4698 1542 
3 7877 458 7843 
3 8113 3144 6128 
3 113 8220 2176 
3 5013 5681 2185 
3 949 3365 7986 
3 6303 3146 6066 
3 5327 4404 8072 
3 815 8029 6576 
3 8195 6256 510 
3 3485 8383 4330 
3 4401 31 8925 
3 5295 3456 7828 
3 7063 9615 4043 
3 5635 1425 982 
3 9286 6293 2643 
3 7357 5573 8797 
3 4321 7536 5269 
3 5088 5910 5480 
3 3563 5363 6381 
3 2736 9105 1659 
3 3179 9061 5087 
3 5390 8035 8507 
3 6810 2323 6977 
3 914 1037 9720 
3 1568 103 4134 
3 8514 6040 5338 
3 3851 334 5012 
3 7379 3102 6936 
3 3957 8490 7025 
3 5380 756 3497 
3 6469 6642 645 
3 7775 4545 697 
3 4467 6119 1502 
3 3334 6607 1246 
3 8129 122 6261 
3 7992 3408 6573 
3 3477 8008 4838 
3 6670 836 6645 
3 1820 2932 4007 
3 3474 6892 1021 
3 6941 8373 8016 
3 5701 2225 2425 
3 4688 4277 7417 
3 79 1691 1848 
3 9266 3188 7660 
3 4878 2250 3325 
3 6140 676 1427 
3 3387 5505 9366 
3 5531 8983 1905 
3 9988 9836 5544 
3 7140 3091 1788 
3 4820 6091 7302 
3 6823 6953 4648 
3 912 4957 735 
3 4731 6497 9167 
3 9717 8381 1106 
3 4301 8661 2291 
3 4474 9380 1651 
3 3791 4868 4677 
3 2109 759 3597 
3 936 7538 270 
3 8766 8076 5944 
3 6610 6084 8673 
3 8912 9700 7563 
3 8691 3693 2376 
3 2939 5188 9843 
3 9468 59 8537 
3 4760 121 7416 
3 8160 9832 7398 
3 9871 6103 8957 
3 9941 1946 4206 
3 6016 3374 2613 
3 11 2857 2465 
3 3503 7198 7702 
3 551 6283 409 
3 1428 9360 5030 
3 5858 2898 3147 
3 3879 6104 9948 
3 9962 1117 5304 
3 4890 560 2701 
3 7741 1360 4126 
3 9208 8996 9529 
3 3740 1955 6265 
3 3419 1465 1636 
3 522 9460 3988 
3 4036 5856 133 
3 6501 6063 3691 
3 6987 275 1530 
3 3983 4477 6479 
3 2522 5537 1535 
3 8242 8149 2510 
3 279 9821 8558 
3 2418 4411 4888 
3 9404 9292 8831 
3 6798 4741 3433 
3 3099 9518 5112 
3 3783 3362 9659 
3 7592 2285 8099 
3 5676 1904 1763 
3 7893 9129 9514 
3 161 6721 8151 
3 8471 2753 7695 
3 6017 2295 1362 
3 8172 3064 1001 
3 6871 126 9814 
3 594 3161 1947 
3 3228 195 4738 
3 2149 7079 1202 
3 2391 1468 618 
3 4125 4772 6074 
3 4598 463 1175 
3 8811 9377 737 
3 5073 6507 6260 
3 9935 7649 3842 
3 7555 267 3949 
3 8704 7802 6455 
3 9390 3405 506 
3 9549 7444 222 
3 4805 2014 6571 
3 4961 7119 3244 
3 7849 9667 879 
3 8222 7848 492 
3 9099 8962 479 
3 6615 7007 3681 
3 3473 7534 1039 
3 6761 5879 8342 
3 8414 8750 969 
3 7250 7053 3052 
3 3712 4119 5723 
3 4796 7107 8978 
3 9265 7171 9967 
3 3117 6197 4851 
3 6965 6024 7435 
3 8694 6616 1611 
3 2817 261 8530 
3 1964 298 303 
3 846 1980 1205 
3 9744 9034 1074 
3 1804 5056 2430 
3 9221 7059 9357 
3 5687 8262 1765 
3 6691 6589 8384 
3 3348 5521 5668 
3 1768 6910 7074 
3 5920 4955 3490 
3 4076 4097 3281 
3 2533 9107 8867 
3 1569 3792 8762 
3 3807 2960 5975 
3 9620 3510 7825 
3 745 4416 8876 
3 8618 1036 9804 
3 9751 6378 3401 
3 9346 3615 8338 
3 5328 8337 8374 
3 1995 1308 6212 
3 9638 3624 960 
3 3498 7859 9001 
3 2034 1477 7858 
3 2708 5974 8863 
3 2013 209 147 
3 2276 8131 5865 
3 2362 6858 5807 
3 6090 968 5286 
3 5176 763 4771 
3 5357 2882 8448 
3 7253 872 7688 
3 4916 4094 1657 
3 7694 9319 9668 
3 4872 8543 6763 
3 2793 5506 3954 
3 7665 2573 3937 
3 9230 5426 889 
3 3850 2380 7936 
3 8183 7748 2368 
3 6001 7143 5730 
3 1364 2300 1783 
3 6492 1255 7829 
3 7990 6951 5814 
3 6126 170 4227 
3 7164 7657 9184 
3 921 633 2499 
3 8032 5818 7866 
3 8662 5408 3547 
3 4002 4667 2720 
3 5875 669 3878 
3 372 6056 2448 
3 2248 6692 2372 
3 245 61 6053 
3 9200 4832 6473 
3 7106 151 8292 
3 183 9716 281 
3 2792 4443 2107 
3 708 4634 6120 
3 1775 6873 2200 
3 160 3003 6734 
3 9631 8366 3839 
3 5726 2383 1327 
3 2895 5946 6868 
3 4108 7412 5006 
3 4599 8847 2943 
