1628
4 9789 2711 2619 9972 
4 3475 5048 6804 5303 
2 1105 4032 
4 3840 905 131 5570 
4 9447 2032 7490 7645 
4 8100 7513 5868 4129 
4 7387 1588 8465 4714 
4 2412 2155 2517 7687 
4 9688 2188 7857 1636 
4 7348 9617 4626 2180 
4 3217 5934 2436 7773 
4 2288 7551 4782 4839 
4 2679 729 6349 391 
4 8909 5475 4403 103 
4 1926 6756 88 4870 
2 3962 8622 
4 7960 1697 696 3018 
4 9072 8259 4123 7298 
4 5188 6118 2425 95 
2 4731 2895 
4 7392 9507 5878 9579 
3 4387 9585 2273 
2 6156 3138 
4 1251 6057 5512 7232 
4 710 6252 2864 3264 
4 1066 666 4020 9621 
4 891 7541 7017 7199 
4 6603 6066 2005 9287 
4 8106 6227 5718 8339 
4 9765 50 6717 1433 
4 4977 236 4658 9184 
4 6218 3899 6426 1316 
4 3279 2745 5744 1723 
4 8035 4727 960 6919 
4 3587 2919 7649 2129 
4 8596 4938 4711 5911 
4 6828 9236 8059 5310 
3 301 2578 3397 
3 8470 6023 1587 
4 2740 3900 9881 3719 
4 5336 6972 4448 4654 
4 1925 1756 5683 2064 
4 65 9725 4623 7386 
4 6597 4462 4421 7052 
4 7098 1802 4048 1039 
4 9258 8619 5932 1897 
4 6158 2974 860 5078 
4 1777 5639 6226 1043 
4 9080 4176 6725 5595 
4 3965 4263 1315 7208 
4 8424 9851 2062 2213 
4 4865 817 76 9705 
4 7372 7029 1728 7482 
4 5806 6996 8272 5430 
4 4099 249 6374 8979 
4 5433 2783 8609 9224 
4 1054 7451 9098 1601 
4 563 7123 151 7542 
4 4893 8832 3674 6799 
4 2156 6740 7589 636 
4 2295 5920 1322 8569 
4 3550 8679 3978 8867 
4 6361 1102 8418 379 
4 4685 8740 7539 3429 
4 2958 6217 5398 6358 
4 8732 5809 9565 8358 
4 1884 5286 5424 9052 
4 2657 9298 5795 7303 
2 9436 4847 
3 9079 8839 762 
4 7995 8369 7636 2787 
4 8096 7594 3730 906 
4 8245 7209 1057 7656 
4 2502 5018 7820 5408 
4 39 3114 5181 4650 
4 2732 725 1430 8748 
4 4500 8790 4184 8601 
4 5278 7620 6836 31 
4 7952 8206 13 2464 
4 883 2205 8568 1445 
4 6638 1228 5004 3754 
4 7059 5638 8741 481 
4 9413 5569 9137 5222 
4 649 8705 5958 5752 
2 9606 4991 
4 7225 8497 5893 9205 
4 2386 5289 1952 6944 
4 3125 5106 4628 6132 
4 7811 3868 3641 7796 
4 6763 6859 4463 6829 
4 3554 229 5857 5641 
4 2490 5559 9944 911 
3 9560 6656 993 
4 7213 3157 8743 6729 
4 8874 3297 2161 8784 
4 9139 5903 3830 3651 
2 5288 4914 
4 4796 4683 193 3652 
4 7096 6850 6190 2789 
4 2829 6154 1385 9420 
4 1913 581 6163 4118 
4 9534 721 281 7163 
4 288 5763 3275 4102 
4 1414 5437 862 7487 
4 4381 1888 7708 2298 
4 1133 3496 3281 1711 
4 2498 6241 2584 1402 
4 1536 6165 2157 3676 
4 1698 4183 9020 5255 
4 5756 5954 7642 5897 
4 8260 7547 7521 9683 
4 5739 2116 9669 3360 
4 400 3342 6155 4322 
3 161 9055 3101 
4 2559 746 4993 9643 
4 2515 2294 346 8750 
2 5241 1216 
4 8853 5940 1366 6496 
4 9317 909 7824 2493 
2 9521 4299 
2 4165 8132 
4 1918 8977 2040 7056 
4 5129 5415 9653 7529 
2 5294 981 
4 1640 2219 1114 7110 
4 9058 4440 1934 9978 
4 6705 2223 4280 7977 
4 7302 9432 8989 9993 
4 2804 4723 6526 8927 
3 6629 4310 6385 
4 7734 8243 1902 4494 
4 5364 6337 2261 2212 
4 1210 2417 3402 8807 
4 5281 1025 4166 846 
4 7001 1032 7471 6213 
4 487 5458 9273 6565 
4 2334 5416 1159 6761 
4 8935 5616 2244 1977 
2 3294 7109 
4 1160 2095 8499 869 
3 3152 1372 2104 
4 5422 8556 122 7452 
4 6734 2782 3514 9638 
3 1142 4256 900 
4 5506 1174 2969 8825 
4 8995 8540 6287 6969 
4 2153 3852 8906 8520 
2 2266 9999 
4 2439 2372 1971 2710 
4 8691 3251 2091 9189 
4 6666 9490 6442 4135 
4 4062 2120 5847 2027 
4 5810 7984 8049 7518 
4 3061 3553 8523 5213 
4 6808 6995 7936 3699 
2 2133 8554 
4 8158 167 7533 4664 
4 1519 6428 6247 7886 
4 6852 6339 1177 6648 
4 1015 5330 9736 1302 
4 9039 9478 3398 534 
4 216 9073 9222 1083 
4 8316 2147 4759 1020 
4 3392 7545 5514 3913 
4 790 8126 2322 9247 
4 3842 2653 6731 5867 
4 7729 7230 3425 5808 
4 8121 4715 9198 2031 
4 8267 5665 4869 3228 
4 2742 9367 809 4614 
4 118 8278 4888 4422 
4 7073 2067 8538 1868 
4 6388 4133 396 8764 
4 201 5345 605 3504 
4 9624 9070 7785 8712 
4 9528 3775 159 7191 
2 2685 7093 
4 1455 2403 707 7034 
4 4990 2628 2802 7253 
4 6735 6171 3403 8411 
4 9615 5221 1031 1233 
2 7607 7933 
4 2779 6930 6230 6164 
4 5925 9442 6900 7470 
4 6591 778 4365 5803 
4 8514 1841 2583 192 
2 2810 2775 
4 7320 5603 2344 9691 
2 4798 6262 
4 8074 2505 8303 1820 
3 104 3836 6015 
4 8320 7442 8198 1830 
4 9706 2347 8613 8124 
4 8626 8283 5285 7268 
4 211 5968 3581 1646 
4 11 432 9040 1345 
4 8949 3019 217 6601 
3 9659 4456 9004 
4 5094 5770 2380 1001 
2 9875 6941 
4 5910 3146 1469 4498 
3 2338 2996 541 
4 5331 7859 1129 4936 
4 550 3826 5591 7044 
4 5353 8721 724 9697 
4 7128 254 5328 3056 
4 6064 5500 6045 8403 
4 1874 6120 3464 4771 
4 8302 3413 4722 7843 
4 6205 624 679 8052 
3 6121 6146 8591 
3 6760 7428 8289 
4 1300 5466 9496 4024 
2 3917 3474 
4 7582 7008 4767 6841 
4 8477 1002 8770 5459 
4 1249 4536 1382 4355 
4 7072 4665 9733 63 
4 6551 5039 5785 1146 
4 9981 1104 990 2224 
4 1215 1754 2487 351 
4 4930 6148 1185 1304 
4 6382 5927 1968 327 
4 393 3666 5664 2816 
4 7910 7437 1136 8783 
2 8536 7860 
2 6109 6485 
4 1381 9517 1340 893 
4 4613 4329 474 9512 
4 8902 3861 8343 9104 
4 9713 9129 1377 8603 
4 5876 9693 2611 2460 
4 9869 8111 7777 9870 
4 4283 6085 4539 2856 
4 6413 4965 9702 1281 
4 2603 2319 2409 3677 
4 7308 357 9990 498 
4 9323 9764 2530 4437 
4 1202 1184 1973 3740 
3 6296 6265 6421 
4 1653 4489 4390 1870 
4 6497 914 3306 2050 
4 3011 3525 1471 1621 
4 38 687 6964 6769 
4 5709 1942 8018 9685 
4 4088 2297 6602 3430 
4 5325 7153 9083 12 
3 8089 7709 7363 
4 4269 6782 7057 7836 
4 4486 1608 6855 2055 
2 2727 825 
4 5537 8040 283 5871 
3 5359 2960 2926 
4 3295 3619 9747 5083 
4 1916 156 3004 9012 
4 8340 4337 8960 9135 
4 7051 640 8169 7618 
4 5101 2833 7488 8915 
4 2832 9280 344 2009 
4 4874 8381 3263 7755 
4 274 2564 5702 4064 
4 5256 7847 3005 6913 
4 3001 3237 5419 4206 
4 4474 5074 7297 669 
3 1764 2140 1246 
4 9027 8687 711 7330 
4 1353 8064 4928 175 
4 1643 3770 7141 2343 
4 7917 2908 5386 1373 
4 4989 4253 6117 8881 
4 7276 595 5501 3058 
4 6408 5313 2431 9676 
4 3320 7247 5528 5199 
4 6139 1543 1628 3761 
4 2762 488 56 1428 
4 1851 5323 7833 3379 
2 840 1895 
2 497 5049 
4 1461 5245 6595 221 
4 4073 9266 8055 2199 
4 2834 4481 1512 8095 
4 8899 5314 7996 8155 
4 277 9850 1589 7179 
4 1663 4420 4373 4374 
4 5230 7985 8181 3351 
4 2340 722 7187 7395 
4 1961 6282 4499 8472 
4 1323 7751 4537 2437 
4 5394 5991 4843 4779 
4 4690 8644 9427 1231 
2 4445 3259 
4 7537 2869 2795 4002 
4 1541 8862 2056 5356 
4 458 3102 1173 5716 
4 5158 4077 4086 4026 
4 3187 2008 3708 7778 
4 3181 802 9626 5340 
4 4953 8588 5973 3950 
4 279 5443 4590 2593 
4 3197 4321 116 9772 
4 6920 6160 430 1738 
4 1740 9166 2248 6334 
4 3748 6977 9924 9062 
2 6404 8690 
4 6309 1645 3687 1885 
4 7425 4688 6509 4617 
4 5454 1097 8234 6131 
4 7615 5368 6356 753 
4 264 1354 7164 5168 
4 5909 4841 6677 3100 
4 3145 6822 7409 7501 
4 174 1861 3340 6304 
3 2647 2457 9775 
4 9032 1701 9862 96 
4 662 616 3373 9230 
4 1941 6467 8630 2623 
4 1796 7971 2722 8929 
4 2225 3627 7334 8969 
4 5885 3099 3170 1063 
4 5193 4584 5980 1237 
3 6962 1152 6863 
4 1308 7417 8099 4182 
4 6201 7261 5777 6447 
4 1708 6455 2102 3653 
4 7194 2365 6998 3027 
4 7111 2406 6381 9832 
4 4540 4353 9535 9417 
4 9359 1120 126 3082 
4 6743 6072 6220 2201 
4 9342 6335 8625 8448 
4 7227 2885 3537 490 
4 6150 2429 523 9573 
4 7517 8030 6619 9950 
4 5670 2843 9435 5686 
2 4223 1318 
3 2209 9462 9118 
3 6727 4666 4827 
4 3128 7808 8965 3660 
4 8425 1632 9126 6593 
4 7132 1109 7388 6441 
2 1426 8620 
4 4418 3183 6183 2655 
4 4515 4289 3959 9677 
4 1158 4264 9130 8590 
4 4913 8820 3908 1687 
4 4814 9381 2259 7524 
4 3236 9983 6643 9639 
4 1809 3410 152 9365 
2 3867 7430 
4 6168 8607 9888 5365 
2 2586 6961 
4 2968 8215 4812 5407 
4 6418 8229 4027 8170 
4 8318 5549 6948 3714 
2 4984 1838 
3 6006 2290 5087 
4 9145 5383 5963 4385 
4 3426 4783 1134 9407 
4 3956 2060 3441 3246 
2 698 565 
4 1003 2642 4173 5596 
2 7433 2763 
4 6916 6113 928 78 
4 3139 1448 3347 6610 
4 5802 9329 4935 5439 
4 5882 8199 7834 6750 
4 9049 5775 7631 8992 
4 8550 7699 3597 8266 
4 5184 5210 1547 3394 
4 6456 7608 5395 4956 
4 3407 702 3686 9780 
4 2943 3739 1980 7203 
4 1413 6857 4668 61 
2 8683 6422 
4 1767 1995 5348 2459 
4 5110 3449 834 9418 
2 7499 2725 
4 9651 9727 4526 8108 
2 3862 7431 
4 4091 1207 3252 8611 
4 4361 2023 2022 9357 
4 9800 9090 5293 8771 
4 1602 2196 765 923 
2 6145 5839 
4 3722 8404 480 3422 
4 6902 2137 1181 5565 
4 6640 5566 807 5249 
3 9590 7998 2098 
4 2624 7061 4848 2702 
4 6801 5061 394 2966 
4 137 9172 9866 3447 
4 6794 5593 8618 9460 
4 2274 8991 499 8039 
4 1349 8947 3221 7371 
4 8903 2778 3022 4633 
4 7713 6200 9649 7217 
4 3586 5886 5145 1475 
4 9625 2003 2824 1005 
4 4120 6506 9188 5266 
4 9802 7165 7772 6448 
2 9767 9179 
4 99 4383 1751 2325 
4 8442 465 8516 7299 
4 5461 212 3409 2557 
4 6394 6608 2028 5546 
4 317 511 7267 997 
4 9437 2891 2070 2820 
4 4524 4674 9572 3171 
3 9839 9739 3219 
3 799 9796 5375 
4 7349 8461 5085 4728 
4 6032 7022 8725 1877 
4 9629 6765 4970 986 
3 3484 2780 7309 
4 6116 6934 5825 8468 
4 9717 7516 522 1201 
4 6798 8754 3658 373 
4 1180 3756 876 7151 
4 59 4232 9959 7884 
2 3092 6777 
4 5817 2303 6030 645 
4 5275 1459 6679 8255 
4 5944 8331 9686 9146 
4 6818 5829 7804 3689 
4 8517 7614 435 7484 
4 6896 4721 4882 9995 
4 8710 3143 5253 4902 
2 7116 1196 
4 2145 3939 3864 6778 
4 6832 2092 9716 2827 
4 6457 94 8908 9389 
4 4200 835 1963 4699 
4 9889 265 3532 643 
4 1803 5196 9100 8154 
2 3080 2955 
4 9322 5173 7754 8727 
4 9339 3516 1521 4340 
4 6289 7449 781 735 
4 2577 4438 9203 1591 
4 3794 6128 681 5482 
4 4811 2228 2305 5918 
4 3134 6739 1434 9721 
4 5619 5728 7237 3271 
4 1725 815 1919 5186 
4 8246 894 9493 1287 
4 9394 6186 8406 5543 
4 3300 8803 1307 5916 
4 1409 4228 9694 2812 
3 8836 7011 5337 
4 7375 7611 3276 8025 
4 6580 323 7963 1671 
4 2057 9554 6710 7196 
4 242 3526 797 3273 
4 225 5933 8366 119 
2 8335 9803 
4 5637 8356 5071 9665 
4 2983 733 1920 9 
4 6004 3041 6219 3086 
4 851 1222 9400 8137 
4 8282 2234 2972 3835 
4 1882 1829 7621 4577 
4 2862 9648 7908 7266 
4 7088 4384 5768 994 
4 4257 7842 4470 9397 
4 4974 5452 4840 936 
4 9041 7643 6207 1718 
4 5579 2909 9421 3147 
4 333 1865 937 1721 
4 7892 6644 3811 5490 
4 413 7827 4220 3158 
2 3767 776 
2 3314 6899 
4 6892 9215 6664 580 
3 5509 1991 8866 
2 6316 2363 
4 8565 5200 8324 8474 
4 8341 7506 3337 8988 
4 2985 9379 36 324 
4 3548 8221 4546 3124 
3 972 4797 7737 
4 4757 2939 2029 4682 
4 2242 8300 9008 5736 
2 9242 3439 
4 4372 7914 2001 2809 
4 3681 5527 8449 4152 
4 1681 6820 7961 1289 
4 9155 7550 2614 4213 
4 2485 3575 3931 1852 
4 861 758 6764 1732 
4 9810 5846 1162 6446 
2 3971 4820 
3 8645 6466 6650 
4 5427 9251 9620 8253 
4 1346 508 8383 5405 
4 6978 7144 9492 6882 
4 2568 6283 2398 2138 
2 8026 1576 
4 77 4907 7712 3565 
4 1076 3380 1664 9899 
2 7169 6366 
4 2569 3741 6874 1745 
4 6396 9340 1513 6628 
4 4379 5562 438 7249 
4 1018 5082 6058 1429 
4 7673 8065 545 22 
4 8116 9473 3661 9444 
4 3919 484 6889 2579 
4 9178 4053 8187 8638 
4 2107 6294 8486 9382 
3 5384 27 6343 
4 5651 3288 6907 5299 
4 775 4029 2954 7703 
4 4944 3154 2918 5751 
4 3547 794 7069 5580 
4 3759 5017 9537 4410 
4 421 7038 8160 7651 
4 8557 5151 5727 2382 
4 43 7113 8489 6994 
4 1051 5013 3905 1550 
4 2813 7568 7043 8305 
4 3343 5964 5789 6112 
4 5648 2859 4468 7495 
3 2149 8795 4060 
4 6675 9818 168 4408 
4 377 8975 6042 4022 
4 526 552 4741 1753 
4 9735 4132 299 814 
4 7666 1879 8672 6187 
4 237 875 9065 2522 
4 6419 4326 4266 3312 
4 4074 8242 9310 8898 
4 4738 8197 6114 6079 
4 9466 1171 4058 7970 
4 1452 5163 2798 592 
4 9840 467 7596 3512 
4 9158 2990 4635 8788 
3 6398 8987 6537 
4 7670 956 811 7849 
4 6579 446 8526 9423 
3 8337 6277 6124 
4 4282 2720 658 9314 
4 257 3543 3823 6061 
4 5798 755 5002 8951 
4 9578 6903 2994 4131 
4 2448 5185 8313 5277 
4 2446 196 8459 369 
4 6559 7396 2567 3203 
4 5692 7466 1178 6715 
4 7746 3482 2237 1356 
4 5352 9952 3735 5108 
4 3817 42 7010 3404 
4 4004 8174 5298 8953 
4 4801 309 9452 111 
3 1609 2648 1807 
4 2922 4651 2174 270 
4 9255 2644 8997 4482 
4 4793 5258 5406 9461 
4 2240 3051 7105 18 
4 1012 398 6623 7633 
4 1891 387 8062 8802 
4 2281 8749 7944 7845 
4 7805 5197 8835 9064 
4 5125 3490 7241 9210 
4 3068 588 9249 5174 
2 9330 7871 
4 7456 7716 603 1048 
4 2105 6536 9575 2646 
4 7493 6932 4996 6415 
4 9523 1893 2836 3834 
4 7032 6062 3488 9586 
4 8942 8210 5577 2663 
2 8203 5679 
4 8813 4905 7025 8562 
4 8168 9964 3150 8695 
4 2443 2627 5610 3087 
2 5560 7761 
4 6581 2173 2934 9332 
4 8746 4851 3542 5453 
4 8046 7390 8346 5038 
4 3745 892 575 5388 
4 6195 2451 3577 7078 
3 388 3106 7629 
4 6135 7160 3137 9732 
3 7954 5941 652 
4 3015 2405 1992 3952 
4 7601 4146 6805 423 
2 4095 2576 
4 8329 4087 8926 7885 
4 6806 6480 4104 5195 
4 1431 1454 6897 3522 
3 7760 4671 9903 
4 5750 5667 7186 6439 
3 3640 8890 9259 
4 8579 9159 5116 1786 
4 5449 4059 8708 4705 
4 6986 3280 8323 4246 
4 5913 2749 1270 1774 
4 2873 1124 3493 4828 
4 4732 7021 6548 8153 
2 8207 1685 
4 4703 230 9074 2516 
2 8678 5412 
2 8920 8817 
4 9953 9853 2165 9655 
3 2602 1101 2324 
3 9017 4786 8252 
4 9026 2150 8063 7597 
4 1555 5729 2676 744 
2 803 4161 
4 4106 7962 8314 6245 
4 8950 7205 1572 7949 
4 9200 5261 5469 9609 
4 866 9597 2198 6198 
2 1383 2030 
2 4653 6001 
4 3671 2208 5606 6938 
4 1840 3800 3983 8930 
4 8393 1755 3437 7037 
4 5724 5987 2911 1533 
4 8617 2269 6365 9783 
4 6125 4287 1397 312 
4 1574 4558 7758 6101 
4 7255 1272 2504 4149 
4 308 3333 2737 5928 
4 6347 3839 1693 64 
4 2427 9681 9754 2239 
4 1947 5503 2625 145 
3 1248 1776 2995 
2 9738 9361 
3 5291 9598 1295 
4 598 8495 160 2630 
4 5830 8924 4258 1924 
3 239 8421 1049 
4 3290 3443 1887 1514 
4 7638 7813 5643 9942 
4 6424 6668 2691 3698 
4 8962 7323 3894 9577 
4 5052 475 6607 752 
3 2235 3589 376 
2 664 4252 
4 2562 1590 4852 7408 
2 9873 8856 
4 8996 974 2573 4881 
4 6269 9737 7606 2632 
4 5212 1365 2260 8553 
4 2595 1659 1220 129 
4 3377 3033 2379 9856 
4 3189 3507 7846 5092 
4 8164 1203 4159 6019 
4 3192 7485 365 4051 
2 7957 8762 
4 1532 4015 4999 3994 
2 6018 3789 
3 6872 5861 5545 
4 1262 779 6770 2069 
4 4853 4391 6026 4442 
4 454 9482 4214 7214 
4 8373 3713 845 3302 
4 2791 9684 4831 2426 
4 4951 1982 4023 1311 
4 3821 1491 9410 7781 
4 5737 3334 7006 2034 
4 5874 1899 1972 8907 
4 2984 1466 7779 9167 
4 2671 3948 3107 5127 
4 3151 5319 1944 8548 
4 4136 6704 8109 2121 
4 6313 9915 4504 7457 
4 9117 5029 3629 4217 
4 3635 8068 1351 6720 
4 2258 1674 9581 5267 
4 5248 525 9429 2878 
4 9050 2610 6909 2799 
2 757 234 
4 2533 2683 4547 4740 
4 6169 657 6984 9939 
4 3772 2414 9351 3968 
4 347 884 1070 5306 
4 3421 1364 8868 827 
4 1378 406 4475 2776 
4 2894 915 198 3985 
4 3960 8082 9291 7893 
4 2629 8101 3896 2589 
4 7876 6552 6516 5680 
2 6477 8945 
4 4943 5838 521 1873 
4 4561 311 1099 8831 
4 8416 4837 8045 1883 
4 7047 4644 9199 3301 
2 2033 4802 
4 3857 1494 1236 3083 
4 9214 9886 1937 5164 
3 1787 4259 114 
4 2004 4707 9370 4179 
3 2550 9373 7095 
4 8719 1930 2496 3 
2 2010 8973 
4 1193 6797 4553 3136 
4 7206 245 8268 5444 
4 8842 8279 8312 9707 
4 9928 4808 9185 6687 
4 897 2114 4414 8361 
4 8192 9627 441 1763 
3 8652 3556 7569 
3 226 1092 6518 
3 8631 7756 6960 
3 4443 4880 9557 
3 2698 5551 637 
3 3365 7684 5124 
3 885 6152 8580 
2 1583 4774 
3 3813 4569 5541 
3 770 1493 601 
3 6271 3317 7305 
2 315 3457 
3 8029 8891 785 
3 849 7922 8417 
3 461 6503 8007 
3 837 1613 4744 
3 8986 4202 8963 
3 2682 2965 7723 
3 8244 2351 343 
3 4634 6493 7819 
2 683 2656 
3 5069 5463 4432 
3 596 5850 4624 
3 7926 4277 594 
2 5142 3222 
3 877 6732 8430 
3 3787 650 4760 
3 1127 5143 4884 
3 4749 429 6524 
3 9614 9276 448 
2 8961 7366 
3 4034 2002 4178 
3 503 543 9114 
3 9459 7557 9602 
3 5402 1710 2549 
3 1128 6189 5187 
3 3870 1705 2143 
3 6031 7058 1034 
3 3819 7053 5812 
3 4488 9449 8141 
3 8070 920 4542 
3 4362 4303 6225 
3 4573 2719 8543 
3 8800 9085 7743 
3 8457 6933 771 
2 3801 1683 
3 123 1842 7924 
3 1241 5578 2255 
3 142 5544 6575 
2 2320 5970 
2 5390 9499 
3 8830 9148 9265 
3 8861 574 6538 
3 858 8345 6354 
3 9920 1154 3287 
3 6028 2214 6431 
3 5548 7572 7679 
3 5721 3135 1784 
3 8179 3591 5924 
3 4735 7587 7832 
3 5172 3077 3893 
3 2596 3250 8138 
3 6416 112 9063 
2 6440 2570 
3 3060 9177 7222 
3 3277 2233 3725 
3 3164 5440 4082 
3 3190 1586 7855 
3 2376 5032 6612 
3 978 7634 9366 
2 238 7866 
3 9441 4327 8515 
3 4155 6039 5414 
3 6774 1069 4789 
3 3338 5814 2454 
3 2195 3827 3750 
3 7837 204 4643 
2 6041 1598 
3 4039 3021 6736 
3 6284 1684 1592 
3 7815 9890 7405 
3 5107 2914 7384 
3 4663 5060 3564 
3 401 4708 6898 
3 5020 21 9312 
3 6621 5050 6523 
3 434 6055 4371 
3 133 557 9806 
3 5460 4180 7294 
3 2696 4354 7416 
3 5976 3037 4790 
3 7955 494 9719 
3 6908 4629 4975 
3 7535 5397 1091 
3 745 3650 8173 
3 3244 5432 9181 
3 2397 629 8423 
3 6458 7126 8027 
3 726 80 4586 
3 4334 3227 823 
3 8730 3888 8792 
3 1506 6443 8076 
3 5568 5797 71 
3 268 5015 1060 
3 5573 7873 7764 
3 7749 1994 2571 
3 9187 6490 6123 
3 6877 9744 313 
3 2823 6662 8901 
3 5854 7918 5233 
3 7229 319 150 
3 2766 2547 4017 
3 6719 6771 9894 
3 1313 921 6292 
3 3701 3265 2842 
3 4632 9175 8700 
3 9630 4927 8841 
3 3186 4959 318 
3 824 9364 2421 
3 404 6221 3119 
3 754 3311 6501 
2 6233 5668 
3 1080 8585 3078 
3 9569 5609 3117 
3 7752 9961 9150 
2 8558 9561 
3 1843 7782 6103 
3 4186 8023 9908 
3 1910 4747 6389 
3 8000 2323 9580 
3 1846 5097 5557 
3 1596 7863 1734 
3 549 3764 4897 
3 1150 4160 9532 
3 5244 4587 8747 
3 4892 3781 6010 
3 4057 2637 2467 
3 5309 8114 7131 
3 2752 7138 390 
3 4065 3831 8262 
3 4237 164 7967 
3 7265 8527 864 
3 7640 4406 6529 
3 5905 4483 7242 
3 7986 9213 1328 
3 6263 961 4234 
2 820 5873 
3 9022 14 9260 
3 8166 9712 8249 
3 4162 4242 2134 
2 5380 4950 
3 9975 3824 5843 
3 2979 9552 1854 
3 6519 5984 202 
3 7595 2808 515 
3 2587 2024 8564 
3 5358 8621 3814 
3 6472 6802 4193 
3 5391 8350 8127 
3 7945 1695 9619 
3 1305 2531 3768 
3 7142 8277 6450 
3 8936 1464 6471 
3 9123 9644 4231 
3 2082 1976 2408 
3 3539 5149 5123 
3 3123 3776 1360 
3 4046 8130 3626 
3 6786 1898 1730 
3 5834 982 9386 
3 9861 9864 9525 
3 7875 6810 1442 
3 7659 9905 1244 
3 6087 3079 9919 
3 2038 250 2444 
3 4679 6115 4601 
3 4960 3897 8886 
2 7424 9798 
3 888 7901 967 
3 3451 6199 4076 
3 3705 8443 4713 
3 8647 5531 5292 
2 1 2575 
3 3672 3659 5908 
3 2183 3494 2993 
3 144 3694 4198 
3 7289 1470 5271 
3 8157 5342 7848 
3 9168 3368 5550 
3 228 3580 2012 
3 9003 1927 40 
3 8451 6224 5079 
3 7775 4752 6469 
3 2998 1689 772 
3 8893 9701 6452 
3 896 8476 9469 
3 4889 1928 102 
3 6129 7810 4594 
3 5242 2353 2000 
3 8706 8521 7605 
2 1118 3783 
3 9740 1813 460 
3 6256 6047 7189 
3 1974 3723 9380 
3 1242 41 1042 
3 3877 5742 1344 
3 7083 5321 232 
3 7853 7701 2494 
3 3643 6091 298 
2 6701 7002 
3 1309 3091 1604 
3 9859 1267 9238 
3 1176 3232 7942 
3 8485 8758 4309 
2 932 7347 
3 1072 9368 5632 
3 9545 578 1571 
3 2306 4512 3930 
3 3454 3648 9540 
3 9941 9642 7252 
2 6177 2871 
3 2301 3327 3876 
2 5421 5302 
3 6345 9290 8118 
3 9564 121 6835 
3 6982 948 7023 
3 9099 7314 3845 
3 7066 4964 2852 
3 6151 1850 4510 
3 7327 9930 1694 
3 4997 2845 8021 
3 1788 6540 3296 
2 5518 1801 
3 6353 9801 6214 
3 1845 7102 1612 
3 9282 9047 1119 
3 2566 952 8854 
3 813 3818 8413 
3 6481 8696 87 
3 1156 1271 9103 
3 694 6730 7990 
3 4734 3791 631 
3 9014 5136 5696 
3 4485 6308 2058 
3 5146 5677 4075 
3 7531 4912 8659 
3 2371 4239 1059 
3 255 717 7100 
3 4552 6474 5712 
3 5636 2784 5826 
3 2785 3074 8115 
3 6706 8038 9660 
2 519 7565 
3 7122 9951 8066 
3 4477 589 7920 
3 3946 1416 8913 
3 1447 5027 1580 
3 4480 7399 9982 
3 5270 7175 2704 
3 5758 3545 2109 
3 3825 1603 8129 
2 9281 8422 
3 8506 5445 6229 
3 3541 4194 831 
3 8008 4926 293 
3 8332 8450 5822 
3 37 4164 7830 
3 6678 6887 2744 
3 1713 4529 6260 
3 5649 5132 3920 
3 741 3774 6783 
3 4647 6437 5723 
3 9293 2246 4825 
3 8288 9879 8117 
3 8814 4460 1504 
3 3955 9279 6682 
3 32 791 1665 
3 2893 5741 1943 
3 9069 3927 8533 
3 7522 9662 4567 
3 1277 966 627 
3 1123 6795 8964 
3 6927 3444 6275 
3 9082 9544 8728 
3 6766 107 3884 
3 7193 405 5673 
3 9808 2817 5417 
3 362 8248 2723 
3 7068 3255 5939 
3 9825 452 6915 
3 2806 4818 1486 
3 295 3579 1824 
3 1523 2492 1468 
3 8878 4011 9211 
3 1089 2977 3130 
3 5392 8763 6336 
3 7368 7613 9822 
3 1825 223 2561 
3 7204 1284 6454 
3 282 427 3926 
3 7803 2232 3172 
3 1329 3984 7086 
3 4855 8773 6077 
2 2950 6278 
3 1143 7562 3324 
3 5481 6373 1481 
3 5086 873 4318 
3 7290 5558 2312 
3 1440 4307 322 
3 7731 8567 5274 
3 2206 1946 4566 
3 2563 7139 9142 
3 7878 2304 4615 
3 625 9467 4274 
3 8775 6945 838 
3 610 3872 1389 
3 3617 8838 439 
3 3245 535 9408 
3 4154 996 5574 
3 8542 8294 1799 
3 3866 6255 9934 
3 9275 5088 9475 
3 9170 916 5099 
3 5615 4389 5507 
3 3693 5760 6108 
3 962 9516 6697 
3 8571 4493 1199 
2 8704 5608 
3 6185 6274 6254 
3 4670 105 4479 
3 2350 3185 375 
3 6814 8933 7295 
3 686 1735 9422 
3 9529 7188 8798 
3 9028 8048 9091 
3 6594 1004 9922 
3 6787 206 2747 
3 8581 3278 3977 
3 2318 7968 9245 
3 7722 7228 3434 
3 9664 2331 3863 
3 235 2841 5413 
3 7921 6257 8667 
3 8850 1268 6954 
3 2901 4143 3026 
3 5360 5006 7042 
2 8791 9817 
3 3668 2880 9218 
3 2729 4211 6403 
3 2786 449 4621 
3 9434 5257 3991 
3 7376 3639 9760 
3 2231 2929 5555 
3 240 9195 2868 
3 9761 4286 1187 
3 4554 5148 4544 
3 189 6043 9201 
3 7007 8133 7009 
3 4426 6742 7571 
3 5297 9757 9872 
3 45 2154 395 
3 7041 2399 2453 
3 5160 1804 4419 
3 1132 1375 5005 
3 2065 8759 106 
3 2670 6527 7064 
3 938 880 6445 
2 1112 9984 
3 9226 2047 8673 
3 3432 5666 6406 
3 7895 4695 4423 
3 7333 7911 4925 
3 9234 1577 9160 
3 1218 8711 3562 
2 9253 4312 
2 3339 3560 
3 2488 6618 8794 
3 4724 2270 2328 
3 9257 1291 342 
3 6305 7563 1090 
3 1678 5519 3389 
2 3716 35 
3 2293 804 6971 
3 4849 1607 4883 
3 6003 9197 2717 
3 5446 8560 4502 
3 8222 632 9656 
3 3947 1914 4528 
3 1456 3838 1582 
3 3625 331 165 
3 6134 6084 4619 
3 8980 2122 197 
3 9855 489 9021 
3 1761 562 2902 
3 8453 2419 6784 
3 3515 2 5223 
3 3509 7852 9060 
3 453 7018 1219 
3 7135 3481 7140 
3 6570 2822 6980 
3 1229 2176 3851 
3 8656 2179 8494 
3 6880 6525 9301 
3 8578 1038 4720 
3 7082 4662 304 
3 6051 7973 585 
3 5790 7508 527 
3 7192 9709 4042 
2 9334 3096 
2 9522 2896 
3 3961 5899 3599 
3 7172 6482 7184 
3 5831 7269 9524 
3 4497 6592 8875 
3 1094 4838 4138 
3 8544 3966 1093 
3 4063 128 436 
3 9974 7807 6522 
2 2187 8400 
3 5376 3892 4648 
3 9489 1964 7925 
3 378 3249 2011 
3 7207 2694 1376 
3 6232 6411 9149 
3 8688 5491 2099 
3 5707 9154 8370 
3 2594 6014 3569 
3 392 2341 8454 
3 4646 8941 2945 
3 2144 641 7243 
3 1476 3428 6901 
3 4323 4719 5684 
3 9967 1626 881 
3 4592 9539 1551 
3 1559 4141 1629 
3 6179 1298 1293 
3 8189 2754 2162 
3 6554 7492 5341 
3 1651 4013 1245 
3 2096 6670 9956 
3 6988 3469 127 
3 8530 6888 4236 
3 5385 3188 9406 
3 3374 3703 4181 
3 634 3118 5496 
2 9443 1556 
3 7558 8702 950 
3 6258 138 412 
3 3980 9000 1584 
3 4157 5937 4346 
3 852 8458 1511 
3 8670 6973 8653 
3 7510 939 764 
3 8410 1359 3938 
3 4981 1769 8427 
3 4089 1562 9603 
3 2860 1164 4761 
2 5828 9176 
3 81 8213 3042 
3 4267 3442 3081 
3 9335 2415 841 
3 7896 912 1427 
3 9454 6785 8873 
3 3771 6355 6393 
3 7275 194 7874 
3 3044 3202 509 
3 1411 2158 5516 
3 2675 7672 2037 
3 4204 9848 8012 
3 2388 9451 1814 
3 7000 2077 6513 
3 5201 8671 3309 
3 4128 843 2971 
2 8120 4532 
3 5357 1280 4461 
3 4394 1682 2870 
2 5584 6279 
3 8563 1393 599 
2 8365 2982 
3 9907 241 5474 
3 8570 4429 7248 
3 2861 9297 10 
2 5971 2508 
3 3470 6985 2080 
3 2881 214 6686 
2 4627 1542 
3 5592 4441 659 
3 7858 1568 2474 
3 3064 2200 2658 
3 3028 1252 1168 
2 2888 5366 
3 1719 9918 3485 
3 6500 493 6498 
3 1126 8139 2275 
2 1055 8374 
3 787 1247 8378 
2 1907 6140 
3 7555 9605 9891 
3 9566 149 1062 
3 8219 9067 6248 
3 8629 469 4570 
3 2848 6073 5974 
3 606 6940 8847 
3 4335 4826 6293 
3 3746 9061 2046 
3 353 5881 1223 
3 6144 6351 8957 
3 1716 716 3408 
3 4347 4548 7590 
2 4040 7623 
2 9305 7055 
3 381 874 2524 
3 233 7937 3634 
2 4856 7284 
3 6463 6957 8037 
3 483 1575 5912 
3 9584 3090 2734 
3 7766 9383 8833 
3 7958 8883 8546 
3 5856 6585 491 
3 4879 6149 9607 
3 7212 340 8090 
3 8534 3473 5935 
3 8351 607 8574 
3 7377 6021 842 
3 5689 2506 6395 
3 6657 7301 9704 
3 3751 6842 4895 
3 704 4781 9156 
3 3721 7610 8615 
3 8510 1013 5363 
3 2465 6468 8851 
3 9779 4342 109 
3 8880 5045 2597 
3 2337 7343 2052 
3 1408 8982 4947 
2 6753 4983 
3 3922 9180 6633 
3 7168 8218 6803 
2 9147 5495 
2 8808 8073 
2 9470 1321 
2 5773 8793 
2 6420 2171 
2 3307 9827 
2 6332 3782 
2 1948 1669 
2 2016 5887 
2 4791 3282 
2 4576 166 
2 4823 6843 
2 7367 6008 
2 5118 1979 
2 9589 1026 
2 1348 2757 
2 9777 3779 
2 3604 7544 
2 6696 1009 
2 6947 1458 
2 5796 573 
2 4311 1652 
2 2300 4122 
2 3395 7181 
2 7904 6521 
2 1022 2434 
2 6935 941 
2 3178 8805 
2 9885 7182 
2 3144 6270 
2 9038 9505 
2 402 8948 
2 9699 8428 
2 1967 4416 
2 561 9341 
2 8780 6690 
2 9037 619 
2 6685 5182 
2 3797 3098 
2 9687 5997 
2 1538 7739 
2 3860 3456 
2 4807 6642 
2 7654 3322 
2 7282 6723 
2 4806 7530 
2 1081 4010 
2 7646 530 
2 9388 9476 
2 5621 356 
2 5698 6268 
2 7287 5008 
2 9464 2477 
2 4579 2686 
2 5704 2207 
2 8660 9729 
2 7185 1483 
2 7916 801 
2 9998 3465 
2 7486 4380 
2 5662 833 
2 5985 777 
2 2997 6288 
2 1467 3415 
2 9876 7345 
2 222 5236 
2 9115 4872 
2 3963 5063 
2 4980 3979 
2 6376 7423 
2 271 2128 
2 6401 5757 
2 6357 805 
2 7046 9591 
2 9243 2700 
2 6444 1605 
2 6340 163 
2 4298 5793 
2 5583 4863 
2 7822 6096 
2 7619 4363 
2 178 7585 
2 7106 1815 
2 9696 1338 
2 5156 3600 
2 6046 3161 
2 6568 9016 
2 2736 6582 
2 3445 9457 
2 1288 2540 
2 9192 6875 
2 8634 2952 
2 3760 6667 
2 5624 1195 
2 2707 3253 
2 6684 2821 
2 8677 1657 
2 8819 6348 
2 899 9169 
2 5917 1258 
2 4746 5792 
2 9680 9588 
2 9036 3675 
2 4857 4610 
2 9823 8085 
2 68 1211 
2 1369 2616 
2 7447 4025 
2 1822 504 
2 5381 5053 
2 8487 9415 
2 8551 5036 
2 9935 7941 
2 6780 297 
2 4778 6228 
2 7975 8086 
2 3622 4961 
2 5561 9631 
2 262 8954 
2 60 7004 
2 6331 9057 
2 9904 3002 
2 8119 8359 
2 1172 9515 
2 1508 4585 
2 9122 6922 
2 848 3513 
2 6024 6130 
2 5076 5037 
2 9002 8015 
2 8265 5471 
2 1290 3369 
2 7546 5833 
2 6507 2511 
2 8214 3644 
2 929 2811 
2 2933 5972 
2 8797 7357 
2 3372 3642 
2 1886 1631 
2 1044 2916 
2 1890 416 
2 1343 8860 
2 4946 3743 
2 6906 5479 
2 7393 7279 
2 9272 8056 
2 9108 720 
2 8525 5409 
2 7407 9391 
2 3129 5322 
2 2438 1488 
2 9498 9749 
2 8280 9157 
2 9324 4108 
2 9979 2257 
2 1502 6244 
2 7369 5493 
2 286 1903 
2 9440 663 
2 773 2110 
2 9246 8760 
2 7394 4436 
2 7923 792 
2 3673 5951 
2 512 4400 
2 886 1821 
2 3706 4491 
2 7702 2424 
2 8200 5600 
2 3679 2362 
2 20 2514 
2 7134 213 
2 2877 1557 
2 1998 9264 
2 9048 1131 
2 1856 468 
2 3669 9120 
2 9311 3906 
2 5646 8258 
2 7176 8437 
2 5081 8911 
2 1027 8713 
2 1477 6910 
2 6561 5442 
2 5586 1358 
2 2402 9125 
2 8311 2280 
2 1655 5657 
2 2227 1492 
2 1564 8271 
2 4195 1939 
2 6016 7084 
2 7817 6461 
2 7575 302 
2 9430 5203 
2 2445 9196 
2 9362 6038 
2 7497 3045 
2 6815 4085 
2 6210 4718 
2 5521 9269 
2 5772 1839 
2 3468 6545 
2 1810 4920 
2 3578 7379 
2 1954 7030 
2 4817 2186 
2 7429 1135 
2 8733 5626 
2 3603 7410 
2 7570 97 
2 3887 8041 
2 7455 2535 
2 1406 2272 
2 7856 2792 
2 9562 9033 
2 4948 2991 
2 4134 7790 
2 4012 5150 
2 5771 3785 
2 2277 4439 
2 4862 4338 
2 1855 3865 
2 8433 8107 
2 4116 5732 
2 6558 3712 
2 8087 4405 
2 2883 8392 
2 5816 6951 
2 6974 215 
2 3869 5159 
2 9237 72 
2 766 2478 
2 3912 8103 
2 2907 7503 
2 976 2428 
2 4919 3462 
2 4565 4033 
2 3283 1700 
2 3611 8827 
2 3533 9750 
2 9917 7277 
2 5620 5284 
2 8467 4630 
2 1163 4192 
2 6397 6102 
2 944 5553 
2 4501 4225 
2 3935 7019 
2 3921 9555 
2 7783 1797 
2 7155 2708 
2 9092 8946 
2 8529 4932 
2 3406 9647 
2 3401 3388 
2 8877 9837 
2 3778 5919 
2 957 570 
2 1082 9031 
2 9612 3997 
2 9911 184 
2 5035 8257 
2 5056 4339 
2 2600 1759 
2 9758 6078 
2 1074 8508 
2 2117 1749 
2 2282 6894 
2 2940 4660 
2 7473 2858 
2 9059 6997 
2 5953 8020 
2 3812 3132 
2 4918 6905 
2 6942 6891 
2 2937 1362 
2 3363 9966 
2 3788 4521 
2 4001 8680 
2 7015 8895 
2 2342 3841 
2 4333 6588 
2 1167 9882 
2 2904 2796 
2 332 6816 
2 2475 3127 
2 2013 3996 
2 5745 219 
2 3663 3742 
2 1071 2392 
2 3175 9723 
2 6002 9849 
2 9994 3153 
2 444 3023 
2 7768 4196 
2 2973 9344 
2 5497 9940 
2 3986 1303 
2 2097 7236 
2 6483 568 
2 6870 8685 
2 8355 3802 
2 867 8897 
2 2413 3463 
2 180 4210 
2 1239 1908 
2 6543 3400 
2 5999 8512 
2 4243 4016 
2 5799 806 
2 9887 5815 
2 3546 7711 
2 8363 2447 
2 692 2336 
2 4187 818 
2 4139 6005 
2 5411 1374 
2 8761 9107 
2 5977 9937 
2 266 4191 
2 1760 8184 
2 2108 5247 
2 2285 8464 
2 2838 3120 
2 2525 3909 
2 8555 7373 
2 9652 6925 
2 8001 9756 
2 2313 9963 
2 4661 1662 
2 9398 5001 
2 3726 4804 
2 6641 3356 
2 2886 2167 
2 6754 8388 
2 7233 6702 
2 7883 1439 
2 1620 6636 
2 9549 9526 
2 3176 2689 
2 2141 4079 
2 3034 3853 
2 8322 7648 
2 8216 2014 
2 9533 2604 
2 4003 3063 
2 6390 3898 
2 341 611 
2 1175 7700 
2 8104 9968 
2 6372 4505 
2 9095 4313 
2 2483 5227 
2 5926 3883 
2 2093 7136 
2 3286 1279 
2 4473 7888 
2 2329 9571 
2 3031 1922 
2 8123 8483 
2 5040 7861 
2 6584 4415 
2 1960 8801 
2 4435 4056 
2 8250 8547 
2 8053 1929 
2 8452 810 
2 4967 1361 
2 424 3093 
2 516 6837 
2 7583 6476 
2 9015 3879 
2 7143 5139 
2 6059 9667 
2 7635 9431 
2 7200 7671 
2 8736 1139 
2 8167 361 
2 3350 7774 
2 4043 9826 
2 9216 3500 
2 210 73 
2 7693 4909 
2 6689 5367 
