1628
4 5357 6712 817 5291 
4 5121 7774 6775 3962 
4 8148 6795 5270 701 
4 6404 9780 1736 8575 
4 421 5630 3206 5139 
4 2589 494 9918 9061 
4 5913 1577 1387 6906 
4 6255 2684 5112 8169 
4 5583 7552 9467 3277 
4 9906 2014 1367 420 
4 8785 1363 6874 9494 
4 3629 8916 8005 1790 
4 6584 6399 3800 3130 
4 7710 8680 722 3850 
4 1737 3720 770 8069 
4 3987 7708 8619 8971 
4 7529 6271 6276 7641 
4 5231 2971 1566 2975 
4 4386 1432 9517 350 
4 2094 8691 6552 5385 
4 5796 2989 1842 9738 
4 9487 783 3959 8490 
4 6735 9581 6987 7189 
4 8197 1262 92 4265 
4 1756 9441 4748 7446 
4 2584 1244 8457 2404 
4 8754 4347 3460 7291 
4 998 4722 8795 8404 
4 2395 9824 4459 4603 
4 6655 9420 2273 2258 
4 6312 2217 2247 8350 
4 2861 4543 8362 3378 
4 59 3285 9093 4934 
4 7923 8225 7039 8218 
4 7569 2048 2609 7810 
4 7704 3288 1300 5762 
4 5515 8538 5000 7908 
4 9612 8492 7144 3551 
4 6632 5004 2063 7469 
4 7444 7169 4264 2593 
4 8873 8800 3390 5759 
4 7262 663 9481 1573 
4 8452 3652 8787 3436 
4 7796 1651 9454 5933 
4 2489 5626 9460 929 
4 5905 8207 944 9567 
4 398 1309 4921 4903 
4 8407 4889 4207 1280 
4 1729 9428 4853 1257 
4 820 1011 4275 4276 
4 6459 4432 4687 8403 
4 604 4462 4497 1072 
4 9004 8249 5475 8046 
4 1248 3836 5414 3858 
4 7549 8074 5381 8092 
4 7064 8102 5312 5016 
4 4848 9725 5258 5243 
4 5886 857 5165 4017 
4 8603 5119 882 5116 
4 8733 4072 1370 8120 
4 8189 6433 2655 6408 
4 9529 6383 9300 205 
4 8437 8910 2618 3230 
4 9354 6327 9953 1771 
4 6839 7114 3185 6267 
4 9213 102 1739 9850 
4 4449 7054 1910 6867 
4 1524 8993 8989 2943 
4 4318 2223 2719 6736 
4 4574 2677 6898 1879 
4 5744 6594 2986 7680 
4 9483 6936 246 6469 
4 4100 375 9067 7226 
4 6823 6138 3294 35 
4 3904 2290 3336 3282 
4 4233 6116 6084 9417 
4 8479 551 2341 2465 
4 3626 2151 7312 7082 
4 7108 3252 7790 6221 
4 5416 2287 5062 6980 
4 9620 8191 2317 1380 
4 1287 9308 2005 9923 
4 2545 4493 7338 4601 
4 6476 2764 15 2853 
4 9383 5186 8192 2588 
4 4004 9125 9116 7133 
4 3697 4241 7452 9287 
4 1396 1014 8280 7589 
4 9131 1251 8514 7448 
4 5427 73 9998 8520 
4 4041 1342 9169 2413 
4 370 2641 2643 7034 
4 973 932 7021 9607 
4 2061 1360 914 2369 
4 3015 2111 155 5477 
4 847 8914 3766 1500 
4 9247 6325 9381 5587 
4 4863 9388 5590 5620 
4 2155 5629 3576 1719 
4 4644 3778 1603 8840 
4 7792 6159 3550 3545 
4 6668 655 6139 8825 
4 3135 3461 3441 539 
4 4631 588 3406 3380 
4 2222 7941 3955 1398 
4 1492 2991 6475 9353 
4 9618 7650 8096 5319 
4 2752 6696 6722 6418 
4 5363 8050 6431 2904 
4 7168 1420 320 3831 
4 2687 1112 3384 1245 
4 5570 9228 4536 4008 
4 2843 3377 3535 3533 
4 44 8765 1641 1247 
4 453 2945 3387 1468 
4 8284 1463 1792 2017 
4 2117 2638 8666 1493 
4 1561 3742 9290 8512 
4 7100 4114 1795 2455 
4 3505 3081 1828 3197 
4 8775 2581 3603 9127 
4 461 2519 2507 8959 
4 9765 3571 3931 4084 
4 3295 3682 7597 6710 
4 4036 9898 6503 7705 
4 1423 6360 429 440 
4 2932 4968 6236 4998 
4 8287 7811 6103 563 
4 8004 6043 6878 5999 
4 6640 5857 5202 5221 
4 8854 7933 5228 5634 
4 1385 8121 5618 9740 
4 3273 5552 743 8029 
4 5616 5440 8054 9704 
4 8591 7323 7348 7450 
4 3715 4743 7035 4593 
4 2345 9939 6991 4541 
4 5918 99 4576 4589 
4 2096 7182 7113 52 
4 6639 569 9796 5818 
4 9813 1662 3525 5878 
4 674 9445 5937 5971 
4 3420 9132 3435 9967 
4 7936 7203 5403 1457 
4 1556 8649 7379 7396 
4 5090 3755 3751 9992 
4 666 8678 3572 713 
4 5251 9477 5597 2286 
4 2935 9782 2132 680 
4 4695 6048 5684 3732 
4 2331 7738 6369 368 
4 3825 6461 7029 6658 
4 6762 7575 1893 8974 
4 2598 116 2871 6855 
4 1677 9334 2832 2778 
4 9959 1938 1940 1950 
4 4147 9317 2721 266 
4 6756 9817 6086 528 
4 1114 524 6182 6190 
4 1081 6217 9113 135 
4 5001 1776 9395 6251 
4 5592 470 1748 6295 
4 8384 1752 6303 1757 
4 8689 9947 2640 3198 
4 8119 8217 4680 4686 
4 9818 4759 4418 1343 
4 6196 8416 4749 1025 
4 7525 4145 8226 4130 
4 1388 8574 927 9537 
4 864 4111 8300 9708 
4 5989 4310 1236 5069 
4 948 8445 8587 1274 
4 683 1123 1108 5394 
4 6613 3876 8271 1104 
4 4106 4812 4580 8481 
4 3942 1241 6066 6523 
4 9888 4999 2760 9916 
4 5526 8255 9412 9878 
4 8911 9666 3393 4086 
4 8320 6909 8188 8953 
4 4194 5092 6916 1676 
4 5083 3152 1901 1310 
4 4473 4760 4180 9012 
4 5211 2845 4159 1772 
4 9128 4755 3100 9040 
4 3149 3245 6200 9351 
4 5052 3116 2767 6597 
4 8585 4864 3287 3094 
4 7369 3215 1408 7503 
4 936 1185 7107 3970 
4 7515 7477 7160 8024 
4 2819 3642 1033 3908 
4 2459 7455 9147 9979 
4 8777 9980 9480 7358 
4 132 5486 9640 5555 
4 7819 5560 724 989 
4 2968 7378 7376 223 
4 4670 3829 4349 9808 
4 7577 3459 3868 4039 
4 2246 167 1448 8041 
4 3484 8764 8157 3815 
4 962 5447 5826 1617 
4 8814 9949 9455 9112 
4 8240 8428 1844 344 
4 876 4253 8483 2145 
4 7863 7328 6970 259 
4 7939 4342 9940 4350 
4 2723 7053 2735 2637 
4 7368 9053 2753 7456 
4 8837 4396 1169 6872 
4 752 7244 2366 1017 
4 9256 8279 7317 6820 
4 8991 4606 8467 4152 
4 3457 495 506 3319 
4 8392 5033 5050 4081 
4 110 3430 6004 3148 
4 7208 5984 8782 4051 
4 7290 5893 3490 6241 
4 3176 5405 9509 1455 
4 7950 8048 3826 779 
4 2196 3957 4024 8693 
4 7101 3699 3960 1428 
4 371 9783 5650 4015 
4 2728 625 1434 8892 
4 8636 4941 8887 4872 
4 684 1769 4199 4181 
4 4808 4897 1379 9396 
4 2212 3056 3032 8905 
4 9267 5230 3627 8706 
4 8641 5354 2491 8243 
4 281 5374 4454 2445 
4 5791 4654 5654 8949 
4 6240 6422 7722 8622 
4 2499 3921 4590 3093 
4 63 4471 4905 2302 
4 5602 6386 5565 3711 
4 9614 7304 9191 5571 
4 714 6588 5390 2679 
4 3656 3404 2865 3388 
4 4090 4304 6061 7837 
4 2475 6067 3556 7816 
4 7259 4125 4166 6194 
4 2064 8843 2844 7784 
4 1101 2780 8515 3589 
4 9019 3979 5673 5735 
4 9894 9109 7754 4364 
4 4916 6758 2869 2923 
4 5651 3151 6802 5976 
4 1013 8301 4799 2644 
4 3678 5109 6793 1144 
4 7834 1314 9279 1325 
4 1491 2069 9310 1089 
4 839 9541 1855 1785 
4 7945 1019 125 1730 
4 3024 981 9422 9442 
4 5048 971 9510 9758 
4 2548 9452 1456 1458 
4 3765 9731 9809 3701 
4 6170 36 9997 7538 
4 7198 1721 2851 2078 
4 4405 994 9925 7701 
4 4961 8769 4303 8385 
4 1004 3462 2815 4597 
4 9965 1913 747 9402 
4 5945 4068 4673 1255 
4 1115 2090 2458 1048 
4 1071 4201 3236 8315 
4 4685 7027 6322 2938 
4 7937 1365 7609 2670 
4 3302 9064 2667 2714 
4 1233 7411 9058 718 
4 2124 6732 7630 9049 
4 4579 5695 2037 8627 
4 3795 3779 276 3359 
4 3272 9897 6877 6667 
4 8152 4499 339 4869 
4 9986 5704 6608 4927 
4 5042 1926 9518 1067 
4 2141 9288 2040 3190 
4 384 6071 2984 6204 
4 6677 2130 9827 4745 
4 9295 3713 5143 3709 
4 3647 9472 7084 897 
4 7104 4348 702 518 
4 7927 3160 841 8705 
4 2070 6013 4338 6207 
4 2008 8943 9831 5930 
4 1734 5344 6091 8973 
4 6782 6092 5871 7762 
4 4702 7242 2965 2276 
4 5101 7070 3200 2973 
4 7135 8184 7765 8427 
4 6495 5348 8937 6164 
4 854 497 7976 3036 
4 5773 4586 2004 7619 
4 1707 4003 1674 8285 
4 2115 2158 5679 330 
4 4430 6729 3999 6768 
4 8058 3071 5858 5855 
4 1164 1896 5846 2197 
4 1214 426 2914 5843 
4 336 3974 7763 1425 
4 5046 397 387 7720 
4 7540 7325 6515 4862 
4 7201 2777 8544 1394 
4 2080 2791 3162 5737 
4 4957 5780 5738 2822 
4 4788 479 665 454 
4 5214 7930 3946 1239 
4 8639 1028 8664 9476 
4 2558 3456 843 2053 
4 7409 1126 2446 3659 
4 4917 1215 3872 4250 
4 443 2524 8025 2613 
4 2922 7073 2187 8723 
4 1341 3520 8033 6954 
4 7896 9170 4460 9753 
4 8063 5434 8402 4395 
4 7825 4420 5288 109 
4 5653 3723 2654 9707 
4 3499 2015 5605 707 
4 976 2031 7193 1520 
4 6702 2032 721 2675 
4 7202 5103 3103 2338 
4 49 5307 8295 8921 
4 7961 3740 3232 2099 
4 1830 3733 4744 7505 
4 6381 4730 5334 8580 
4 4964 4378 1900 5372 
4 4886 3143 5204 9653 
4 1146 861 9531 5248 
4 9307 6041 3067 2350 
4 3463 8125 8484 543 
4 9568 5071 3770 9389 
4 6176 2387 1486 3180 
4 7313 2992 535 7867 
4 4509 1232 5114 913 
4 818 488 5761 1637 
4 4983 4624 6908 5500 
4 82 2542 8790 7428 
4 3792 4831 7687 4849 
4 5295 6863 9598 6895 
4 6107 6555 7572 1069 
4 8612 7582 5507 2606 
4 3047 6879 3342 8378 
4 7595 7562 8234 2893 
4 5772 1680 4302 4067 
4 7757 5805 1312 2894 
4 3607 2855 3264 8352 
4 4135 5572 286 9461 
4 4874 7285 2868 8802 
4 5982 694 8674 7974 
4 3940 8630 4908 3433 
4 3096 3725 679 1242 
4 2727 5567 8621 8589 
4 5713 3139 9688 5408 
4 2228 8216 9497 9683 
4 2274 3604 8088 9756 
4 8338 1630 661 5318 
4 9305 548 7874 5301 
4 2964 4815 3182 9790 
4 3896 8884 5502 6001 
4 6252 6032 4909 3986 
4 636 969 7199 2321 
4 3228 4021 2322 9202 
4 3566 4029 8976 2440 
4 1353 442 1121 2027 
4 8608 4383 1906 9924 
4 1210 6397 9335 8482 
4 7136 7044 9306 4585 
4 8485 1921 8489 6786 
4 4322 6449 317 9056 
4 3309 6978 7161 7806 
4 5310 6165 2497 2135 
4 7305 6211 7437 4401 
4 887 3010 1816 6238 
4 4240 2478 7282 7435 
4 3293 5468 7601 9077 
4 1851 3351 2755 4970 
4 7543 1098 5320 166 
4 6168 4472 5445 6717 
4 9433 8394 5667 5645 
4 4925 6626 4366 1991 
4 7516 2482 2414 3920 
4 6550 2547 4485 1643 
4 8322 4295 7366 8071 
4 4406 933 6896 4168 
4 71 5506 1125 2534 
4 1988 4587 4162 2625 
4 9129 7280 2034 5031 
4 1203 4476 8414 3421 
4 8745 9630 9466 1446 
4 6935 6813 758 8847 
4 7551 8324 2880 647 
4 9866 8926 3065 6362 
4 1671 104 1560 3231 
4 4940 3998 852 8869 
4 1955 8444 3726 7449 
4 5625 79 7769 90 
4 7145 5987 1417 2119 
4 9795 2263 2768 7497 
4 7 9697 6502 8917 
4 9527 4836 5089 3304 
4 4185 2816 7940 1051 
4 1812 8339 1797 560 
4 8116 4805 7714 2374 
4 4141 4652 8710 8262 
4 5383 6465 2394 7519 
4 3437 4974 6997 2284 
4 5219 7234 84 2261 
4 47 2403 3631 5326 
4 7579 3609 2093 830 
4 4131 3661 7468 3601 
4 1450 946 4385 8126 
4 3114 1472 4261 5226 
4 7326 7191 3706 2315 
4 2456 879 3767 5975 
4 594 5955 6292 599 
4 8465 5932 1875 4719 
4 1322 1710 4049 3967 
4 9552 9801 9657 1914 
4 8851 8178 1916 4626 
4 4167 2926 547 3098 
4 2259 7846 3989 4751 
4 4235 1397 1760 1863 
4 4637 4776 7860 3166 
4 7359 8885 474 2995 
4 3042 6287 3183 6214 
4 9 3548 951 7537 
4 3142 5459 2496 8386 
4 766 9760 7563 6883 
4 1713 9103 3886 8369 
4 1094 3900 8358 5623 
4 7231 7685 4118 2742 
4 5006 2738 7947 980 
4 4655 2710 9071 9034 
4 1742 4073 1272 8182 
4 5652 4947 1246 8488 
4 3686 8448 3982 4481 
4 1934 4784 4268 1204 
4 7583 8656 8317 8531 
4 9690 4225 9676 4779 
4 9539 4336 4324 4210 
4 2686 6464 6486 2438 
4 532 9938 5827 6568 
4 5873 7912 5784 351 
4 5494 5775 3429 8841 
4 7715 5716 5711 113 
4 4561 1997 9268 692 
4 2962 2113 8799 710 
4 4074 9937 6317 7747 
4 9525 445 1894 6299 
4 3844 6335 6346 9167 
4 9263 490 3040 3163 
4 4657 8920 9373 8909 
4 8803 3113 9001 6424 
4 2481 6437 580 7707 
4 727 3140 584 501 
4 8553 751 8051 2616 
4 3072 8057 2256 2576 
4 1050 9739 6926 6951 
4 4847 5433 790 9277 
4 1895 3650 8704 29 
4 7083 231 6995 2189 
4 723 7354 8460 3592 
4 6129 9915 5564 100 
4 4475 3468 2041 6861 
4 6957 7188 7598 1657 
4 4112 2114 5687 2493 
4 8387 2434 7612 4061 
4 7447 2682 2487 212 
4 9235 243 2639 1175 
4 4102 7004 6333 2441 
4 9917 9919 8341 6601 
4 9532 7012 9110 6657 
4 8250 6394 4204 2559 
4 2759 7560 2539 2501 
4 3357 4071 9315 6385 
4 2982 6893 5707 4190 
4 7088 9515 5656 1659 
4 62 7472 7181 8480 
4 4374 5490 9757 5425 
4 8736 8476 1697 8072 
4 2736 3814 3805 1600 
4 2293 787 4278 7297 
4 7196 905 46 7331 
4 8332 8149 5154 7205 
4 1946 1034 7767 460 
4 3519 9845 1784 9654 
4 3196 1779 7506 7056 
4 954 4772 6047 9378 
4 8375 5988 7952 4824 
4 7308 664 7926 7141 
4 213 4785 1419 7904 
4 7648 7482 4362 4391 
4 7032 7126 7294 7520 
4 4320 9956 7277 1193 
4 859 7269 7006 705 
4 8010 731 5541 5525 
4 9196 8018 5484 8042 
4 9946 4984 8060 8208 
4 1591 7355 5392 925 
4 5163 813 5283 5065 
4 2045 853 873 9705 
4 6547 8175 5087 8066 
4 9063 4448 6889 6847 
4 1724 8357 334 8349 
4 2726 6587 6532 354 
4 1418 7691 5659 6349 
4 6882 6218 6140 8288 
4 4076 4765 5927 8281 
4 5777 5821 4803 5743 
4 7725 5708 416 9358 
4 2060 1927 8690 2761 
4 8193 1823 1482 2708 
4 5904 3005 3013 1746 
4 6611 1449 9033 2494 
4 2342 1791 1390 1715 
4 4619 1780 9163 2430 
4 3337 2429 4083 1702 
4 8767 4101 1362 9133 
4 850 2177 2830 2833 
4 1568 2867 4282 8718 
4 6178 5647 8290 6115 
4 3689 3397 4778 8983 
4 9106 1007 4800 8798 
4 2652 6439 5402 1798 
4 992 6911 8296 1356 
4 2340 4129 8830 6376 
4 4402 8343 4615 2896 
4 9119 755 8577 4647 
4 5172 7836 9743 8743 
4 8644 5669 9874 685 
4 3155 7746 8935 3317 
4 2544 2960 3764 6489 
4 1433 9492 2737 5438 
4 4490 3514 9857 2073 
4 9966 5144 3653 6598 
4 4912 345 6589 6298 
4 4638 6575 2787 8687 
4 4995 6172 1660 4878 
4 9747 6884 9674 2615 
4 3672 732 2648 2958 
4 6558 6816 941 366 
4 1621 5524 5520 8980 
4 3170 3465 6779 3034 
4 2642 9231 4382 1293 
4 2085 3238 1759 1281 
4 3775 9983 7173 592 
4 3648 4431 8871 7935 
4 586 9242 7195 7214 
4 2749 7158 2182 6941 
4 5729 7817 3776 6785 
4 201 3168 4397 2250 
4 120 5990 9574 9216 
4 9344 5532 3014 4183 
4 8626 7869 8261 8260 
4 3757 285 9095 4212 
4 9576 2626 1156 9766 
4 7451 9841 991 50 
4 6534 2071 6943 408 
4 3542 399 8999 5411 
4 6038 3594 5911 3597 
4 6913 3569 4319 5337 
4 7494 2849 386 2209 
4 8601 7324 9587 9141 
4 7851 4213 6716 7776 
4 3781 3507 5102 340 
4 5686 1945 624 6624 
4 3257 1629 8858 2156 
4 4139 5232 3537 5435 
4 2828 2788 4223 9203 
4 7643 2396 7838 4528 
4 6571 7470 1675 126 
4 8478 2339 7028 3128 
4 7148 8327 9791 1041 
4 5931 4569 9404 3305 
4 4550 7955 4023 8518 
4 8138 9408 8145 7284 
4 8397 4368 5452 3710 
4 6567 3524 878 5830 
4 774 891 6672 5880 
4 7464 6695 3000 5076 
4 7545 6728 7879 3470 
4 2628 4045 5039 1173 
3 7814 4707 4033 
3 3889 5841 4560 
3 5156 3613 5335 
3 2323 7351 2362 
3 403 8904 807 
3 9542 5011 7723 
3 1763 9185 7485 
3 8186 1240 2183 
3 3593 7137 2901 
3 2870 4296 7146 
3 9302 8335 4346 
3 676 2784 7676 
3 328 5269 353 
3 6134 2214 7336 
3 4244 4087 4332 
3 4150 2940 5305 
3 2862 7702 1722 
3 7862 1053 5314 
3 2795 1368 1150 
3 4058 1682 1030 
3 6537 952 1666 
3 3475 247 2118 
3 3112 4881 8922 
3 3376 9405 282 
3 9713 1392 8623 
3 9275 4838 3881 
3 2308 9665 6113 
3 8997 3981 7998 
3 2300 945 8846 
3 9151 6117 80 
3 18 4991 9672 
3 4959 1786 4189 
3 6927 4182 2623 
3 8865 9909 7968 
3 7079 5300 3538 
3 58 851 2981 
3 6467 5806 5249 
3 8187 8939 1229 
3 9559 9177 8700 
3 2814 9516 6538 
3 2036 42 3676 
3 2213 4085 3291 
3 1383 1431 8901 
3 5081 4289 6974 
3 4390 6355 9777 
3 5366 1441 233 
3 8267 5638 8583 
3 8242 4178 7718 
3 9900 2416 8925 
3 4044 3606 4817 
3 8233 5797 8724 
3 7316 3069 7750 
3 3869 8055 4753 
3 8115 712 4455 
3 3708 4096 8106 
3 3451 3175 3599 
3 3840 2624 7644 
3 8259 6688 1375 
3 4480 557 9088 
3 1711 8634 6691 
3 9528 9304 963 
3 5609 9052 1498 
3 8506 8030 6826 
3 7703 5497 4682 
3 7166 8856 3855 
3 7445 2139 3184 
3 6147 8818 9079 
3 6171 6791 5662 
3 5845 7604 7910 
3 7673 9439 869 
3 8616 8896 9579 
3 2123 9615 9292 
3 8849 2421 5455 
3 778 4629 2092 
3 446 5152 8140 
3 3842 8809 4542 
3 9873 7422 3910 
3 1160 5130 7303 
3 9320 2346 3702 
3 8079 6665 5194 
3 9243 855 3452 
3 2305 6089 699 
3 1049 742 2979 
3 1936 3345 5922 
3 2267 585 3418 
3 1839 6030 3250 
3 11 5478 5923 
3 2160 8888 8982 
3 8094 3512 5712 
3 3583 176 4643 
3 5540 9639 7495 
3 3526 9184 6789 
3 2243 1092 2360 
3 5096 9262 7615 
3 4837 6759 1962 
3 8430 3737 5093 
3 3126 4510 2312 
3 2313 2292 4146 
3 654 8294 8588 
3 1136 1026 3964 
3 8101 6977 9520 
3 245 4809 3952 
3 9605 4900 8307 
3 8167 4729 9928 
3 6123 2528 9118 
3 2023 2450 6892 
3 6050 2449 8266 
3 1552 8105 1291 
3 6359 8111 6689 
3 333 4380 1919 
3 9514 7698 2820 
3 3913 8091 4203 
3 7944 4404 3605 
3 7267 1565 1264 
3 5359 3687 8699 
3 1509 2195 48 
3 5136 6413 7402 
3 5324 1545 1024 
3 4284 8510 75 
3 2985 7728 3372 
3 3950 8433 2233 
3 8509 1782 6992 
3 7726 4343 9401 
3 9921 8308 4281 
3 8286 1389 8306 
3 7953 4316 1128 
3 7385 5795 4171 
3 687 7865 7440 
3 8036 98 4526 
3 4551 4539 8852 
3 5854 4552 7023 
3 9374 7128 564 
3 2944 8421 8330 
3 6777 1692 4075 
3 4902 1384 3365 
3 2282 9936 667 
3 6300 4140 6798 
3 7008 310 9440 
3 6580 9503 5022 
3 373 5431 918 
3 2920 1604 8112 
3 5209 484 5285 
3 2535 7621 9080 
3 6842 7779 5284 
3 706 1528 744 
3 1767 9449 5115 
3 7522 890 6530 
3 4498 6653 6642 
3 8367 874 6609 
3 3745 324 6372 
3 9784 3976 1670 
3 3106 6955 8611 
3 6481 6928 3061 
3 3899 3923 5393 
3 1231 5637 9875 
3 7466 8741 8590 
3 3632 9840 7997 
3 1845 2599 7798 
3 9289 9293 2917 
3 3618 4945 9911 
3 1427 232 3851 
3 2817 5562 6573 
3 65 1834 7271 
3 3253 389 5953 
3 9340 6318 6455 
3 7922 3207 377 
3 2674 7256 2477 
3 5665 2454 7566 
3 8348 6173 6080 
3 6060 6070 129 
3 9856 8946 8948 
3 2203 617 122 
3 6985 6037 9847 
3 177 2354 6011 
3 8701 7775 7213 
3 7026 7225 7232 
3 5600 6603 2701 
3 2718 5084 4566 
3 4690 9435 4866 
3 9722 4105 8496 
3 9283 3630 985 
3 6989 8471 9430 
3 7700 9668 5110 
3 9942 3937 824 
3 463 1269 9482 
3 9732 1268 3954 
3 5622 5 9619 
3 7756 3786 1304 
3 593 754 4186 
3 3002 9504 748 
3 2994 3574 8076 
3 8026 5519 9558 
3 4151 3575 3510 
3 7920 3483 5352 
3 1359 8668 4915 
3 5919 9562 3919 
3 3083 5450 5184 
3 9111 4677 3996 
3 8346 4563 657 
3 8563 4007 5787 
3 4965 8146 5195 
3 6638 9652 1354 
3 2572 2448 3241 
3 9691 6235 7157 
3 6582 1644 5078 
3 8047 8459 9391 
3 2941 265 5561 
3 1096 6891 7996 
3 4516 8565 2392 
3 8697 8360 6572 
3 7050 1481 14 
3 1996 5034 7755 
3 8721 4665 749 
3 780 1607 3688 
3 1357 2650 8755 
3 9649 6564 9805 
3 8834 5934 4683 
3 7212 8082 1548 
3 1817 3874 5942 
3 6313 8070 9522 
3 3229 6910 134 
3 2619 5126 3369 
3 8253 5703 9416 
3 9252 552 1543 
3 6329 1334 3938 
3 745 2813 1773 
3 9778 3303 7076 
3 1085 2408 6946 
3 2364 6020 8364 
3 522 1003 6525 
3 2571 3063 3410 
3 4137 4242 5261 
3 1372 3738 2236 
3 9366 5264 4612 
3 1336 7301 8162 
3 7209 2079 816 
3 3485 3739 367 
3 5962 2913 9565 
3 4951 2800 5124 
3 103 5223 4463 
3 3356 5037 369 
3 6363 1960 364 
3 9443 5292 6482 
3 8839 2774 5290 
3 9779 2856 2319 
3 2802 7508 6347 
3 6316 1596 6760 
3 2009 9889 1537 
3 717 9025 9463 
3 4582 5145 3771 
3 1861 3758 8014 
3 251 8783 4117 
3 4352 8245 2056 
3 2112 6865 261 
3 565 9285 6122 
3 6602 2574 5646 
3 9751 8912 1689 
3 709 1222 2257 
3 8477 2077 2219 
3 4351 4326 1709 
3 6477 9142 1414 
3 67 2188 7009 
3 3368 1738 4056 
3 2647 8558 7885 
3 6426 2180 4299 
3 2351 7420 1451 
3 8811 9508 3861 
3 5909 3832 8958 
3 5891 5002 6268 
3 7119 2266 2133 
3 9123 8408 3833 
3 6994 975 4192 
3 2905 5421 5025 
3 9365 5575 8337 
3 8199 996 6966 
3 9154 8194 6646 
3 3443 9642 8205 
3 9124 2383 1349 
3 645 8313 1038 
3 257 9273 6780 
3 7629 2748 7115 
3 6 1352 7147 
3 4259 327 9899 
3 5793 127 2058 
3 1340 9913 9069 
3 3089 3864 4854 
3 214 3934 4835 
3 2536 4955 907 
3 7981 6819 4825 
3 5492 7473 6900 
3 1976 6124 9834 
3 8751 6145 2150 
3 171 3432 6181 
3 7671 8504 2146 
3 8614 5501 4484 
3 6415 7780 3489 
3 9325 2998 4424 
3 4884 4437 1887 
3 1202 438 8390 
3 332 2915 1903 
3 1510 3003 5868 
3 1787 5861 9994 
3 7330 3237 7905 
3 2095 19 5810 
3 9585 4315 5801 
3 3379 3269 5648 
3 9546 5764 7353 
3 1701 4321 26 
3 4357 6027 8902 
3 8947 43 3122 
3 4134 5664 3101 
3 7911 5992 6505 
3 4293 2355 3646 
3 7489 4169 8720 
3 4477 357 2826 
3 9806 7390 6462 
3 1344 2840 1572 
3 2162 3703 2779 
3 9629 5216 8738 
3 3496 5315 1907 
3 3214 1925 6949 
3 60 4329 3398 
3 3062 7414 3298 
3 5239 6934 6931 
3 5593 1672 4827 
3 3308 6663 8370 
3 2957 1687 5739 
3 8200 1373 7051 
3 9363 3224 9893 
3 8501 5935 6561 
3 1820 4294 7016 
3 9968 5159 2361 
3 1001 9144 8151 
3 4867 2460 6546 
3 6666 8582 5142 
3 4557 105 3649 
3 188 892 9195 
3 5544 3289 7403 
3 8923 2646 716 
3 8163 5465 5075 
3 8835 7240 2283 
3 8529 447 5349 
3 5149 9687 6310 
3 6914 4446 1301 
3 9930 7487 436 
3 5330 3568 2699 
3 9511 9343 2918 
3 1717 792 6781 
3 877 5396 772 
3 750 400 1990 
3 9974 95 9702 
3 8003 3448 8013 
3 5518 1815 5546 
3 6956 9512 6442 
3 1975 6886 8020 
3 5733 476 1503 
3 1740 9432 2846 
3 4222 6250 4931 
3 5244 6838 3614 
3 8779 2255 1213 
3 7934 2419 7373 
3 5236 7478 1124 
3 6342 1052 9627 
3 5332 4154 1143 
3 6297 2103 2409 
3 7057 7124 7080 
3 1505 21 4345 
3 5991 8450 1327 
3 7391 4219 5746 
3 4711 1966 331 
3 1351 9762 1957 
3 1800 5723 6566 
3 9545 5582 6521 
3 8658 6056 6059 
3 2776 2818 6131 
3 1564 5715 3554 
3 321 6440 1592 
3 4977 5608 2969 
3 8651 1605 1602 
3 4727 3403 6348 
3 7613 5415 6338 
3 7677 3735 6324 
3 2575 9750 3562 
3 296 7709 7999 
3 924 3221 4010 
3 1883 5867 5847 
3 9166 8270 3007 
3 1364 3192 6929 
3 3730 595 3249 
3 8431 6907 9115 
3 6188 3181 9671 
3 4696 3045 1442 
3 7415 2617 4924 
3 7439 6869 5996 
3 4331 7605 3043 
3 3750 3284 5753 
3 8040 9385 6029 
3 5529 6790 2729 
3 4572 6764 6219 
3 2245 504 4256 
3 5970 6083 5706 
3 9962 3320 561 
3 1249 4270 6045 
3 5758 1698 2194 
3 7344 5997 5802 
3 3120 3234 619 
3 7153 6191 1974 
3 1965 2109 7143 
3 9426 295 2391 
3 8915 4570 4138 
3 1747 3865 5420 
3 8990 6894 250 
3 791 4608 3943 
3 1522 4820 3958 
3 7210 2471 2443 
3 7647 141 4901 
3 9419 4411 1163 
3 3579 6247 455 
3 5028 3532 1623 
3 5131 1871 66 
3 5808 1905 2763 
3 2509 808 810 
3 8449 5306 363 
3 4161 6501 2810 
3 4717 4548 838 
3 4415 1933 775 
3 8168 8550 9835 
3 7699 9593 8566 
3 9550 7576 8095 
3 5488 1 9501 
3 5683 9727 9364 
3 1743 8130 8354 
3 3473 8127 8124 
3 8579 8371 9349 
3 8056 9826 8781 
3 7972 9989 9982 
3 5835 7548 9596 
3 6738 5765 2864 
3 9271 8669 6548 
3 5074 9199 7462 
3 2043 9803 469 
3 1714 6062 1078 
3 5728 2631 1968 
3 9341 4277 3835 
3 6042 681 2479 
3 7824 5655 6487 
3 8418 3260 5660 
3 9397 8688 4888 
3 3655 6641 2972 
3 2573 9392 9643 
3 2265 8007 5768 
3 1061 6100 434 
3 6616 6423 6099 
3 767 3315 5358 
3 96 7207 5866 
3 902 7635 5799 
3 8866 1981 382 
3 9569 7918 6801 
3 1673 8399 3820 
3 6627 2003 2605 
3 301 8107 578 
3 6419 3774 2397 
3 7250 9621 5781 
3 55 8792 8995 
3 3087 9104 8829 
3 6273 6687 3948 
3 2952 762 4429 
3 6144 9253 6599 
3 8607 6755 9403 
3 8470 3640 2244 
3 8548 1531 9729 
3 1200 9485 3660 
3 5720 2208 8708 
3 264 2792 6262 
3 3830 2796 6975 
3 631 496 3171 
3 1523 8283 1655 
3 3845 9437 765 
3 3834 3622 5412 
3 773 7517 2724 
3 1178 2530 3683 
3 6742 3565 5302 
3 9566 6388 601 
3 7524 5053 2704 
3 797 5185 5054 
3 4870 6979 2021 
3 3223 8942 8016 
3 197 2794 3366 
3 385 4433 4503 
3 1636 5289 9728 
3 8625 8269 8719 
3 9626 7892 3634 
3 1889 9174 2001 
3 9853 3598 8551 
3 5553 3638 5580 
3 6410 7681 9054 
3 1508 7352 4540 
3 3167 1328 4119 
3 8702 6169 7049 
3 2089 9377 254 
3 3306 6625 3458 
3 6226 9945 5091 
3 8487 7587 239 
3 9572 7295 7568 
3 9797 7591 6135 
3 2809 8526 9763 
3 5155 9781 1633 
3 6309 8966 704 
3 8659 2666 187 
3 4367 7979 715 
3 8132 8774 7254 
3 3978 612 4816 
3 6377 614 9130 
3 9048 2225 3971 
3 407 6610 2857 
3 6336 6836 6837 
3 2055 7593 4568 
3 3137 4993 2468 
3 4960 6120 2336 
3 9250 2178 2744 
3 7155 785 6249 
3 7748 2838 8181 
3 8183 7265 2976 
3 5375 9160 8962 
3 5864 7620 4127 
3 1476 6286 3172 
3 3905 7539 5692 
3 1810 3159 5129 
3 6192 5196 8899 
3 7567 979 4037 
3 4600 1008 2084 
3 7436 2270 2275 
3 1948 2970 7913 
3 5610 3918 6810 
3 730 4353 3066 
3 4649 1103 2371 
3 3557 5224 1083 
3 2612 5242 9789 
3 3673 3995 2067 
2 8671 8586 
2 2486 4005 
2 6384 9219 
2 4524 1088 
2 9718 119 
2 3870 3666 
2 4079 9867 
2 3791 1733 
2 3271 1459 
2 278 4674 
2 1228 8657 
2 1998 6706 
2 9952 9108 
2 9689 8078 
2 4200 9563 
2 6058 7288 
2 4043 1294 
2 6769 9352 
2 4861 6044 
2 875 7891 
2 9843 5914 
2 6198 1794 
2 6747 5894 
2 3001 1421 
2 2353 8236 
2 9746 277 
2 8707 8351 
2 6028 1386 
2 8940 2630 
2 283 3729 
2 5308 8878 
2 9265 7164 
2 3857 505 
2 3 5974 
2 9871 5842 
2 7253 3856 
2 1912 5956 
2 3944 9039 
2 5476 5946 
2 1429 4756 
2 2912 9424 
2 85 4844 
2 1483 4492 
2 9078 9872 
2 6010 7046 
2 5170 832 
2 7302 3204 
2 6662 3560 
2 8172 9926 
2 432 9244 
2 3997 4850 
2 1140 9207 
2 3367 7380 
2 2000 3552 
2 7412 1070 
2 8204 4070 
2 8297 4306 
2 8677 3283 
2 7443 4852 
2 9507 7967 
2 1853 1626 
2 4706 9677 
2 1587 5688 
2 263 5111 
2 7118 3077 
2 836 9026 
2 7880 6025 
2 3278 5670 
2 8453 2262 
2 4527 2678 
2 1040 4700 
2 9755 5193 
2 4532 4735 
2 915 1544 
2 6578 3668 
2 884 2076 
2 4179 3501 
2 3028 6488 
2 7103 7370 
2 4469 1057 
2 2927 5138 
2 6981 8292 
2 1720 3925 
2 8683 2902 
2 6146 4370 
2 7095 4531 
2 6012 6368 
2 8442 581 
2 4607 3374 
2 6483 3009 
2 5203 7831 
2 5207 7737 
2 7978 5339 
2 7696 6771 
2 6320 3848 
2 3885 5852 
2 995 6106 
2 6110 2521 
2 3728 8788 
2 5849 4436 
2 9695 4121 
2 5803 7341 
2 8670 3392 
2 513 5432 
2 3022 5217 
2 2585 7893 
2 464 6014 
2 7319 2513 
2 8964 4515 
2 1378 4115 
2 7617 2131 
2 634 5874 
2 3508 9493 
2 6757 2249 
2 1821 3867 
2 7618 2690 
2 1224 8377 
2 4474 1155 
2 7603 390 
2 4565 2739 
2 8722 5180 
2 1253 4110 
2 1037 4988 
2 3518 3354 
2 6370 1263 
2 4617 1967 
2 4883 8547 
2 8929 2930 
2 2877 3528 
2 7296 4782 
2 3736 2174 
2 8932 4142 
2 1708 1042 
2 8750 966 
2 5174 1977 
2 3037 9066 
2 3877 5303 
2 5197 967 
2 1073 6723 
2 7861 1956 
2 1681 1860 
2 9908 7442 
2 4307 7287 
2 6498 5369 
2 6444 2316 
2 3561 4288 
2 1923 6679 
2 4786 8122 
2 1117 3975 
2 9359 2327 
2 1542 8844 
2 3362 3731 
2 7759 7263 
2 2939 9513 
2 3248 9090 
2 8895 5750 
2 4871 9792 
2 3375 4873 
2 1684 606 
2 5785 4698 
2 8692 1366 
2 9464 6504 
2 1526 623 
2 4439 8083 
2 1154 4341 
2 2627 9005 
2 1484 9544 
2 5902 9018 
2 2937 4936 
2 9599 2850 
2 8524 7038 
2 4038 8848 
2 559 4530 
2 1116 7645 
2 1152 8017 
2 137 1826 
2 7536 8672 
2 1571 7739 
2 4361 2171 
2 520 1402 
2 8328 8023 
2 3892 3741 
2 7870 4113 
2 2488 5256 
2 6296 9249 
2 3511 8598 
2 4292 8099 
2 5278 6807 
2 8956 6507 
2 5462 3478 
2 8874 6888 
2 4521 9658 
2 9880 3675 
2 6367 3953 
2 9197 1005 
2 5823 1758 
2 2592 7599 
2 4975 7649 
2 7823 1489 
2 7678 9355 
2 2798 6379 
2 8637 3481 
2 3853 3909 
2 8466 1315 
2 5341 3408 
2 9849 5353 
2 5839 6345 
2 3055 1189 
2 7041 8552 
2 916 5367 
2 9769 1267 
2 7178 7760 
2 5547 4035 
2 3544 7866 
2 1833 553 
2 3107 4963 
2 1261 410 
2 6656 7227 
2 6231 2411 
2 1361 9180 
2 174 107 
2 8527 6072 
2 17 7498 
2 7463 9912 
2 9907 3033 
2 970 2251 
2 1712 7794 
2 2566 7928 
2 5705 262 
2 6220 8329 
2 2600 190 
2 9425 4274 
2 6577 7787 
2 4668 244 
2 9961 9211 
2 5941 237 
2 56 7300 
2 6965 4620 
2 4946 8274 
2 6605 2925 
2 172 2474 
2 7255 5967 
2 5378 503 
2 5441 7180 
2 6938 5012 
2 1726 9153 
2 5998 7909 
2 2185 4408 
2 9984 8391 
2 7215 5748 
2 846 1225 
2 7130 2347 
2 5548 4618 
2 5503 9138 
2 760 6057 
2 2368 8838 
2 7238 4458 
2 6389 4280 
2 529 7625 
2 10 7062 
2 145 9206 
2 3769 235 
2 5250 3358 
2 9014 3714 
2 6715 2291 
2 9350 2523 
2 8516 1055 
2 7363 6406 
2 3050 2967 
2 4604 2557 
2 5151 475 
2 2106 8807 
2 688 8422 
2 6856 5036 
2 8363 7122 
2 3746 8195 
2 1765 6734 
2 8931 5360 
2 1234 352 
2 1430 1338 
2 5563 294 
2 844 8436 
2 1570 6460 
2 451 8817 
2 5446 8963 
2 3969 6684 
2 4731 2860 
2 4663 3068 
2 9092 4919 
2 738 1219 
2 297 8647 
2 7740 284 
2 3516 637 
2 208 1141 
2 5649 9444 
2 923 8522 
2 6752 7853 
2 6583 6019 
2 5271 5137 
2 8714 6982 
2 2716 3219 
2 525 5675 
2 3134 5521 
2 1122 1576 
2 9168 5218 
2 1601 4216 
2 6205 809 
2 7218 5454 
2 2766 1539 
2 9597 5201 
2 6540 1490 
2 6266 9842 
2 9741 4795 
2 5579 7886 
2 6526 5485 
2 5118 2097 
2 912 9462 
2 556 1628 
2 6364 5407 
2 1197 9331 
2 1827 7200 
2 2165 3915 
2 5325 9348 
2 7778 1319 
2 1487 9975 
2 9895 5456 
2 7624 2580 
2 6133 1151 
2 164 1324 
2 1963 5876 
2 9121 7901 
2 926 5995 
2 8239 7389 
2 3540 9257 
2 139 7679 
2 9161 5179 
2 2407 4834 
2 7149 1218 
2 3104 856 
2 4093 6765 
2 8673 2473 
2 9450 3326 
2 7558 1645 
2 4491 9902 
2 4990 8827 
2 2007 950 
2 117 8528 
2 9182 1931 
2 3258 920 
2 2649 6105 
2 6396 9681 
2 2221 4123 
2 8081 7873 
2 2295 6660 
2 9214 4920 
2 7518 8505 
2 8833 4022 
2 2484 7657 
2 5948 7089 
2 1648 9951 
2 8161 1506 
2 8059 9379 
2 1589 4658 
2 5017 138 
2 5013 7570 
2 4230 8237 
2 5007 9798 
2 9390 140 
2 9594 5220 
2 5574 1018 
2 6052 162 
2 6451 2688 
2 9246 4234 
2 2804 2717 
2 7499 7235 
2 8650 8323 
2 3674 4042 
2 8044 2829 
2 5899 2269 
2 7839 2888 
2 5627 1438 
2 4627 1741 
2 211 2379 
2 8824 6683 
2 8293 6825 
2 7152 1109 
2 8198 9384 
2 6149 9017 
2 5875 4317 
2 3691 5436 
2 7346 8213 
2 7692 4697 
2 2879 242 
2 4126 5960 
2 480 3837 
2 5056 5331 
2 628 7293 
2 2309 222 
2 8617 8760 
2 2555 9970 
2 87 9427 
2 2848 3500 
2 1010 3768 
2 2127 7224 
2 642 9955 
2 7983 2876 
2 9135 1663 
2 6680 5491 
2 7204 4500 
2 8247 5458 
2 6102 3612 
2 3276 8813 
2 2590 7335 
2 6721 7429 
2 2836 5499 
2 6623 4781 
2 9719 2568 
2 1015 5661 
2 3932 7535 
2 1825 1982 
2 7318 3314 
2 9490 6374 
2 3029 1054 
2 656 4257 
2 3828 993 
2 6645 4266 
2 6215 3039 
2 2125 5789 
2 5879 4053 
2 7752 7771 
2 9588 5247 
2 8653 6817 
2 8609 7002 
2 7278 8521 
2 7151 629 
2 2811 5127 
2 3608 6829 
2 6157 5079 
2 8305 9136 
2 6036 9661 
2 9776 9700 
2 1735 6950 
2 1847 9266 
2 2872 6277 
2 1866 736 
2 6731 4120 
2 9414 5668 
2 1876 5701 
2 900 4409 
2 289 3907 
2 597 942 
2 9580 8497 
2 4555 6996 
2 8606 4065 
2 3973 5554 
2 178 1076 
2 7954 2801 
2 9471 6918 
2 28 1805 
2 5487 2044 
2 1943 1410 
2 5513 9973 
2 206 9409 
2 1620 6670 
2 3239 1803 
2 4859 632 
2 3692 7020 
2 6256 2720 
2 6193 1515 
2 3480 2698 
2 2516 788 
2 9286 7031 
2 3677 9278 
2 4650 2230 
2 2538 4243 
2 9852 5395 
2 1159 8906 
2 8652 3270 
2 1464 5749 
2 4671 3684 
2 931 9786 
2 7375 2790 
2 1856 248 
2 5824 2680 
2 1393 9969 
2 6703 5755 
2 9499 696 
2 1056 6806 
2 1311 6707 
2 8134 9616 
2 590 3046 
2 9382 8620 
2 8578 8936 
2 6685 957 
2 5815 1885 
2 2226 5293 
2 4170 4967 
2 6350 4761 
2 4573 3801 
2 3891 5636 
2 2697 4764 
2 1632 1223 
2 6531 6281 
2 1819 5317 
